-6.3083E+03
-6.3078E+03
-6.3076E+03
-6.3074E+03
-6.3074E+03
-6.3071E+03
-6.3071E+03
-6.3068E+03
-6.3067E+03
-6.3066E+03
-6.3066E+03
-6.3065E+03
-6.3064E+03
-6.3064E+03
-6.3064E+03
-6.3063E+03
-6.3063E+03
-6.3062E+03
-6.3061E+03
-6.3061E+03
-6.3061E+03
-6.3060E+03
-6.3060E+03
-6.3060E+03
-6.3060E+03
-6.3060E+03
-6.3060E+03
-6.3060E+03
-6.3060E+03
-6.3059E+03
-6.3059E+03
-6.3059E+03
-6.3059E+03
-6.3059E+03
-6.3059E+03
-6.3058E+03
-6.3058E+03
-6.3058E+03
-6.3058E+03
-6.3058E+03
-6.3057E+03
-6.3057E+03
-6.3057E+03
-6.3057E+03
-6.3057E+03
-6.3056E+03
-6.3056E+03
-6.3056E+03
-6.3056E+03
-6.3056E+03
-6.3056E+03
-6.3056E+03
-6.3055E+03
-6.3055E+03
-6.3055E+03
-6.3055E+03
-6.3055E+03
-6.3054E+03
-6.3054E+03
-6.3054E+03
-6.3054E+03
-6.3054E+03
-6.3054E+03
-6.3053E+03
-6.3053E+03
-6.3053E+03
-6.3053E+03
-6.3053E+03
-6.3053E+03
-6.3053E+03
-6.3053E+03
-6.3053E+03
-6.3053E+03
-6.3053E+03
-6.3052E+03
-6.3052E+03
-6.3052E+03
-6.3052E+03
-6.3052E+03
-6.3052E+03
-6.3052E+03
-6.3052E+03
-6.3052E+03
-6.3052E+03
-6.3051E+03
-6.3051E+03
-6.3051E+03
-6.3051E+03
-6.3051E+03
-6.3051E+03
-6.3051E+03
-6.3051E+03
-6.3051E+03
-6.3051E+03
-6.3051E+03
-6.3051E+03
-6.3051E+03
-6.3051E+03
-6.3050E+03
-6.3050E+03
-6.3050E+03
-6.3050E+03
-6.3050E+03
-6.3050E+03
-6.3050E+03
-6.3050E+03
-6.3050E+03
-6.3050E+03
-6.3050E+03
-6.3050E+03
-6.3050E+03
-6.3050E+03
-6.3050E+03
-6.3050E+03
-6.3049E+03
-6.3049E+03
-6.3049E+03
-6.3049E+03
-6.3049E+03
-6.3049E+03
-6.3049E+03
-6.3049E+03
-6.3049E+03
-6.3049E+03
-6.3049E+03
-6.3049E+03
-6.3049E+03
-6.3049E+03
-6.3049E+03
-6.3049E+03
-6.3049E+03
-6.3049E+03
-6.3048E+03
-6.3048E+03
-6.3048E+03
-6.3048E+03
-6.3048E+03
-6.3048E+03
-6.3048E+03
-6.3048E+03
-6.3048E+03
-6.3048E+03
-6.3048E+03
-6.3048E+03
-6.3048E+03
-6.3048E+03
-6.3048E+03
-6.3048E+03
-6.3048E+03
-6.3047E+03
-6.3047E+03
-6.3047E+03
-6.3047E+03
-6.3047E+03
-6.3047E+03
-6.3047E+03
-6.3047E+03
-6.3047E+03
-6.3047E+03
-6.3047E+03
-6.3047E+03
-6.3047E+03
-6.3047E+03
-6.3047E+03
-6.3047E+03
-6.3047E+03
-6.3047E+03
-6.3047E+03
-6.3047E+03
-6.3047E+03
-6.3047E+03
-6.3047E+03
-6.3046E+03
-6.3046E+03
-6.3046E+03
-6.3046E+03
-6.3046E+03
-6.3046E+03
-6.3046E+03
-6.3046E+03
-6.3046E+03
-6.3046E+03
-6.3046E+03
-6.3046E+03
-6.3046E+03
-6.3046E+03
-6.3046E+03
-6.3046E+03
-6.3046E+03
-6.3046E+03
-6.3046E+03
-6.3046E+03
-6.3046E+03
-6.3045E+03
-6.3045E+03
-6.3045E+03
-6.3045E+03
-6.3045E+03
-6.3045E+03
-6.3045E+03
-6.3045E+03
-6.3045E+03
-6.3045E+03
-6.3045E+03
-6.3045E+03
-6.3045E+03
-6.3045E+03
-6.3045E+03
-6.3045E+03
-6.3045E+03
-6.3045E+03
-6.3045E+03
-6.3045E+03
-6.3045E+03
-6.3044E+03
-6.3044E+03
-6.3044E+03
-6.3044E+03
-6.3044E+03
-6.3044E+03
-6.3044E+03
-6.3044E+03
-6.3044E+03
-6.3044E+03
-6.3044E+03
-6.3044E+03
-6.3044E+03
-6.3044E+03
-6.3044E+03
-6.3044E+03
-6.3043E+03
-6.3043E+03
-6.3043E+03
-6.3043E+03
-6.3043E+03
-6.3043E+03
-6.3043E+03
-6.3043E+03
-6.3043E+03
-6.3043E+03
-6.3043E+03
-6.3043E+03
-6.3043E+03
-6.3043E+03
-6.3043E+03
-6.3043E+03
-6.3043E+03
-6.3043E+03
-6.3043E+03
-6.3043E+03
-6.3043E+03
-6.3043E+03
-6.3042E+03
-6.3042E+03
-6.3042E+03
-6.3042E+03
-6.3042E+03
-6.3042E+03
-6.3042E+03
-6.3042E+03
-6.3042E+03
-6.3042E+03
-6.3042E+03
-6.3042E+03
-6.3042E+03
-6.3042E+03
-6.3042E+03
-6.3042E+03
-6.3042E+03
-6.3042E+03
-6.3042E+03
-6.3042E+03
-6.3042E+03
-6.3042E+03
-6.3042E+03
-6.3041E+03
-6.3041E+03
-6.3041E+03
-6.3041E+03
-6.3041E+03
-6.3041E+03
-6.3041E+03
-6.3041E+03
-6.3041E+03
-6.3041E+03
-6.3041E+03
-6.3041E+03
-6.3041E+03
-6.3041E+03
-6.3041E+03
-6.3041E+03
-6.3041E+03
-6.3041E+03
-6.3041E+03
-6.3041E+03
-6.3041E+03
-6.3041E+03
-6.3041E+03
-6.3041E+03
-6.3041E+03
-6.3041E+03
-6.3041E+03
-6.3041E+03
-6.3041E+03
-6.3041E+03
-6.3041E+03
-6.3041E+03
-6.3041E+03
-6.3041E+03
-6.3041E+03
-6.3041E+03
-6.3041E+03
-6.3041E+03
-6.3041E+03
-6.3041E+03
-6.3040E+03
-6.3040E+03
-6.3040E+03
-6.3040E+03
-6.3040E+03
-6.3040E+03
-6.3040E+03
-6.3040E+03
-6.3040E+03
-6.3040E+03
-6.3040E+03
-6.3040E+03
-6.3040E+03
-6.3040E+03
-6.3040E+03
-6.3040E+03
-6.3040E+03
-6.3040E+03
-6.3040E+03
-6.3040E+03
-6.3040E+03
-6.3040E+03
-6.3040E+03
-6.3040E+03
-6.3039E+03
-6.3039E+03
-6.3039E+03
-6.3039E+03
-6.3039E+03
-6.3039E+03
-6.3039E+03
-6.3039E+03
-6.3039E+03
-6.3039E+03
-6.3039E+03
-6.3039E+03
-6.3039E+03
-6.3039E+03
-6.3039E+03
-6.3039E+03
-6.3039E+03
-6.3039E+03
-6.3039E+03
-6.3039E+03
-6.3039E+03
-6.3039E+03
-6.3039E+03
-6.3039E+03
-6.3039E+03
-6.3039E+03
-6.3039E+03
-6.3039E+03
-6.3039E+03
-6.3039E+03
-6.3039E+03
-6.3038E+03
-6.3038E+03
-6.3038E+03
-6.3038E+03
-6.3038E+03
-6.3038E+03
-6.3038E+03
-6.3038E+03
-6.3038E+03
-6.3038E+03
-6.3038E+03
-6.3038E+03
-6.3038E+03
-6.3038E+03
-6.3038E+03
-6.3038E+03
-6.3038E+03
-6.3038E+03
-6.3038E+03
-6.3038E+03
-6.3038E+03
-6.3038E+03
-6.3038E+03
-6.3038E+03
-6.3038E+03
-6.3038E+03
-6.3038E+03
-6.3038E+03
-6.3038E+03
-6.3037E+03
-6.3037E+03
-6.3037E+03
-6.3037E+03
-6.3037E+03
-6.3037E+03
-6.3037E+03
-6.3037E+03
-6.3037E+03
-6.3037E+03
-6.3037E+03
-6.3037E+03
-6.3037E+03
-6.3037E+03
-6.3037E+03
-6.3037E+03
-6.3037E+03
-6.3037E+03
-6.3037E+03
-6.3037E+03
-6.3037E+03
-6.3037E+03
-6.3037E+03
-6.3037E+03
-6.3037E+03
-6.3037E+03
-6.3037E+03
-6.3037E+03
-6.3037E+03
-6.3037E+03
-6.3037E+03
-6.3037E+03
-6.3037E+03
-6.3037E+03
-6.3037E+03
-6.3037E+03
-6.3037E+03
-6.3037E+03
-6.3037E+03
-6.3037E+03
-6.3037E+03
-6.3036E+03
-6.3036E+03
-6.3036E+03
-6.3036E+03
-6.3036E+03
-6.3036E+03
-6.3036E+03
-6.3036E+03
-6.3036E+03
-6.3036E+03
-6.3036E+03
-6.3036E+03
-6.3036E+03
-6.3036E+03
-6.3036E+03
-6.3036E+03
-6.3036E+03
-6.3036E+03
-6.3036E+03
-6.3036E+03
-6.3036E+03
-6.3036E+03
-6.3036E+03
-6.3036E+03
-6.3036E+03
-6.3036E+03
-6.3035E+03
-6.3035E+03
-6.3035E+03
-6.3035E+03
-6.3035E+03
-6.3035E+03
-6.3035E+03
-6.3035E+03
-6.3035E+03
-6.3035E+03
-6.3035E+03
-6.3035E+03
-6.3035E+03
-6.3035E+03
-6.3035E+03
-6.3035E+03
-6.3035E+03
-6.3035E+03
-6.3035E+03
-6.3035E+03
-6.3035E+03
-6.3035E+03
-6.3035E+03
-6.3035E+03
-6.3035E+03
-6.3035E+03
-6.3035E+03
-6.3035E+03
-6.3035E+03
-6.3035E+03
-6.3035E+03
-6.3035E+03
-6.3035E+03
-6.3035E+03
-6.3035E+03
-6.3035E+03
-6.3034E+03
-6.3034E+03
-6.3034E+03
-6.3034E+03
-6.3034E+03
-6.3034E+03
-6.3034E+03
-6.3034E+03
-6.3034E+03
-6.3034E+03
-6.3034E+03
-6.3034E+03
-6.3034E+03
-6.3034E+03
-6.3034E+03
-6.3034E+03
-6.3034E+03
-6.3034E+03
-6.3034E+03
-6.3034E+03
-6.3034E+03
-6.3034E+03
-6.3034E+03
-6.3034E+03
-6.3034E+03
-6.3034E+03
-6.3034E+03
-6.3034E+03
-6.3034E+03
-6.3034E+03
-6.3034E+03
-6.3034E+03
-6.3034E+03
-6.3033E+03
-6.3033E+03
-6.3033E+03
-6.3033E+03
-6.3033E+03
-6.3033E+03
-6.3033E+03
-6.3033E+03
-6.3033E+03
-6.3033E+03
-6.3033E+03
-6.3033E+03
-6.3033E+03
-6.3033E+03
-6.3033E+03
-6.3033E+03
-6.3033E+03
-6.3033E+03
-6.3033E+03
-6.3033E+03
-6.3033E+03
-6.3033E+03
-6.3033E+03
-6.3033E+03
-6.3033E+03
-6.3033E+03
-6.3033E+03
-6.3033E+03
-6.3033E+03
-6.3033E+03
-6.3033E+03
-6.3033E+03
-6.3033E+03
-6.3033E+03
-6.3033E+03
-6.3033E+03
-6.3033E+03
-6.3033E+03
-6.3033E+03
-6.3033E+03
-6.3033E+03
-6.3033E+03
-6.3033E+03
-6.3033E+03
-6.3033E+03
-6.3033E+03
-6.3033E+03
-6.3032E+03
-6.3032E+03
-6.3032E+03
-6.3032E+03
-6.3032E+03
-6.3032E+03
-6.3032E+03
-6.3032E+03
-6.3032E+03
-6.3032E+03
-6.3032E+03
-6.3032E+03
-6.3032E+03
-6.3032E+03
-6.3032E+03
-6.3032E+03
-6.3032E+03
-6.3032E+03
-6.3032E+03
-6.3032E+03
-6.3032E+03
-6.3032E+03
-6.3032E+03
-6.3032E+03
-6.3032E+03
-6.3032E+03
-6.3032E+03
-6.3032E+03
-6.3032E+03
-6.3032E+03
-6.3032E+03
-6.3032E+03
-6.3032E+03
-6.3032E+03
-6.3032E+03
-6.3032E+03
-6.3032E+03
-6.3032E+03
-6.3032E+03
-6.3032E+03
-6.3032E+03
-6.3032E+03
-6.3032E+03
-6.3032E+03
-6.3032E+03
-6.3032E+03
-6.3032E+03
-6.3032E+03
-6.3032E+03
-6.3032E+03
-6.3032E+03
-6.3031E+03
-6.3031E+03
-6.3031E+03
-6.3031E+03
-6.3031E+03
-6.3031E+03
-6.3031E+03
-6.3031E+03
-6.3031E+03
-6.3031E+03
-6.3031E+03
-6.3031E+03
-6.3031E+03
-6.3031E+03
-6.3031E+03
-6.3031E+03
-6.3031E+03
-6.3031E+03
-6.3031E+03
-6.3031E+03
-6.3031E+03
-6.3031E+03
-6.3031E+03
-6.3031E+03
-6.3031E+03
-6.3031E+03
-6.3031E+03
-6.3031E+03
-6.3031E+03
-6.3031E+03
-6.3031E+03
-6.3031E+03
-6.3031E+03
-6.3031E+03
-6.3031E+03
-6.3031E+03
-6.3031E+03
-6.3031E+03
-6.3031E+03
-6.3030E+03
-6.3030E+03
-6.3030E+03
-6.3030E+03
-6.3030E+03
-6.3030E+03
-6.3030E+03
-6.3030E+03
-6.3030E+03
-6.3030E+03
-6.3030E+03
-6.3030E+03
-6.3030E+03
-6.3030E+03
-6.3030E+03
-6.3030E+03
-6.3030E+03
-6.3030E+03
-6.3030E+03
-6.3030E+03
-6.3030E+03
-6.3030E+03
-6.3030E+03
-6.3030E+03
-6.3030E+03
-6.3030E+03
-6.3030E+03
-6.3030E+03
-6.3030E+03
-6.3030E+03
-6.3030E+03
-6.3030E+03
-6.3030E+03
-6.3030E+03
-6.3030E+03
-6.3030E+03
-6.3030E+03
-6.3030E+03
-6.3030E+03
-6.3030E+03
-6.3029E+03
-6.3029E+03
-6.3029E+03
-6.3029E+03
-6.3029E+03
-6.3029E+03
-6.3029E+03
-6.3029E+03
-6.3029E+03
-6.3029E+03
-6.3029E+03
-6.3029E+03
-6.3029E+03
-6.3029E+03
-6.3029E+03
-6.3029E+03
-6.3029E+03
-6.3029E+03
-6.3029E+03
-6.3029E+03
-6.3029E+03
-6.3029E+03
-6.3029E+03
-6.3029E+03
-6.3029E+03
-6.3029E+03
-6.3029E+03
-6.3029E+03
-6.3029E+03
-6.3029E+03
-6.3029E+03
-6.3029E+03
-6.3029E+03
-6.3029E+03
-6.3029E+03
-6.3029E+03
-6.3029E+03
-6.3029E+03
-6.3029E+03
-6.3029E+03
-6.3028E+03
-6.3028E+03
-6.3028E+03
-6.3028E+03
-6.3028E+03
-6.3028E+03
-6.3028E+03
-6.3028E+03
-6.3028E+03
-6.3028E+03
-6.3028E+03
-6.3028E+03
-6.3028E+03
-6.3028E+03
-6.3028E+03
-6.3028E+03
-6.3028E+03
-6.3028E+03
-6.3028E+03
-6.3028E+03
-6.3028E+03
-6.3028E+03
-6.3028E+03
-6.3028E+03
-6.3028E+03
-6.3028E+03
-6.3028E+03
-6.3028E+03
-6.3028E+03
-6.3028E+03
-6.3028E+03
-6.3028E+03
-6.3028E+03
-6.3028E+03
-6.3028E+03
-6.3028E+03
-6.3028E+03
-6.3028E+03
-6.3027E+03
-6.3027E+03
-6.3027E+03
-6.3027E+03
-6.3027E+03
-6.3027E+03
-6.3027E+03
-6.3027E+03
-6.3027E+03
-6.3027E+03
-6.3027E+03
-6.3027E+03
-6.3027E+03
-6.3027E+03
-6.3027E+03
-6.3027E+03
-6.3027E+03
-6.3027E+03
-6.3027E+03
-6.3027E+03
-6.3027E+03
-6.3027E+03
-6.3027E+03
-6.3027E+03
-6.3027E+03
-6.3027E+03
-6.3027E+03
-6.3027E+03
-6.3027E+03
-6.3027E+03
-6.3027E+03
-6.3027E+03
-6.3027E+03
-6.3027E+03
-6.3027E+03
-6.3027E+03
-6.3027E+03
-6.3027E+03
-6.3027E+03
-6.3027E+03
-6.3027E+03
-6.3027E+03
-6.3027E+03
-6.3027E+03
-6.3027E+03
-6.3027E+03
-6.3027E+03
-6.3027E+03
-6.3027E+03
-6.3027E+03
-6.3027E+03
-6.3027E+03
-6.3026E+03
-6.3026E+03
-6.3026E+03
-6.3026E+03
-6.3026E+03
-6.3026E+03
-6.3026E+03
-6.3026E+03
-6.3026E+03
-6.3026E+03
-6.3026E+03
-6.3026E+03
-6.3026E+03
-6.3026E+03
-6.3026E+03
-6.3026E+03
-6.3026E+03
-6.3026E+03
-6.3026E+03
-6.3026E+03
-6.3026E+03
-6.3026E+03
-6.3026E+03
-6.3026E+03
-6.3026E+03
-6.3026E+03
-6.3026E+03
-6.3026E+03
-6.3026E+03
-6.3026E+03
-6.3026E+03
-6.3026E+03
-6.3026E+03
-6.3026E+03
-6.3026E+03
-6.3026E+03
-6.3026E+03
-6.3026E+03
-6.3026E+03
-6.3026E+03
-6.3025E+03
-6.3025E+03
-6.3025E+03
-6.3025E+03
-6.3025E+03
-6.3025E+03
-6.3025E+03
-6.3025E+03
-6.3025E+03
-6.3025E+03
-6.3025E+03
-6.3025E+03
-6.3025E+03
-6.3025E+03
-6.3025E+03
-6.3025E+03
-6.3025E+03
-6.3025E+03
-6.3025E+03
-6.3025E+03
-6.3025E+03
-6.3025E+03
-6.3025E+03
-6.3025E+03
-6.3025E+03
-6.3025E+03
-6.3025E+03
-6.3025E+03
-6.3025E+03
-6.3025E+03
-6.3025E+03
-6.3025E+03
-6.3025E+03
-6.3025E+03
-6.3025E+03
-6.3025E+03
-6.3025E+03
-6.3025E+03
-6.3025E+03
-6.3025E+03
-6.3025E+03
-6.3025E+03
-6.3025E+03
-6.3025E+03
-6.3025E+03
-6.3025E+03
-6.3025E+03
-6.3025E+03
-6.3025E+03
-6.3025E+03
-6.3025E+03
-6.3025E+03
-6.3025E+03
-6.3024E+03
-6.3024E+03
-6.3024E+03
-6.3024E+03
-6.3024E+03
-6.3024E+03
-6.3024E+03
-6.3024E+03
-6.3024E+03
-6.3024E+03
-6.3024E+03
-6.3024E+03
-6.3024E+03
-6.3024E+03
-6.3024E+03
-6.3024E+03
-6.3024E+03
-6.3024E+03
-6.3024E+03
-6.3024E+03
-6.3024E+03
-6.3024E+03
-6.3024E+03
-6.3024E+03
-6.3024E+03
-6.3024E+03
-6.3024E+03
-6.3024E+03
-6.3024E+03
-6.3024E+03
-6.3024E+03
-6.3024E+03
-6.3024E+03
-6.3024E+03
-6.3024E+03
-6.3024E+03
-6.3024E+03
-6.3024E+03
-6.3024E+03
-6.3024E+03
-6.3023E+03
-6.3023E+03
-6.3023E+03
-6.3023E+03
-6.3023E+03
-6.3023E+03
-6.3023E+03
-6.3023E+03
-6.3023E+03
-6.3023E+03
-6.3023E+03
-6.3023E+03
-6.3023E+03
-6.3023E+03
-6.3023E+03
-6.3023E+03
-6.3023E+03
-6.3023E+03
-6.3023E+03
-6.3023E+03
-6.3023E+03
-6.3023E+03
-6.3023E+03
-6.3023E+03
-6.3023E+03
-6.3023E+03
-6.3023E+03
-6.3023E+03
-6.3023E+03
-6.3023E+03
-6.3023E+03
-6.3023E+03
-6.3023E+03
-6.3023E+03
-6.3023E+03
-6.3023E+03
-6.3023E+03
-6.3023E+03
-6.3023E+03
-6.3023E+03
-6.3023E+03
-6.3023E+03
-6.3023E+03
-6.3023E+03
-6.3023E+03
-6.3023E+03
-6.3023E+03
-6.3023E+03
-6.3023E+03
-6.3023E+03
-6.3023E+03
-6.3023E+03
-6.3023E+03
-6.3022E+03
-6.3022E+03
-6.3022E+03
-6.3022E+03
-6.3022E+03
-6.3022E+03
-6.3022E+03
-6.3022E+03
-6.3022E+03
-6.3022E+03
-6.3022E+03
-6.3022E+03
-6.3022E+03
-6.3022E+03
-6.3022E+03
-6.3022E+03
-6.3022E+03
-6.3022E+03
-6.3022E+03
-6.3022E+03
-6.3022E+03
-6.3022E+03
-6.3022E+03
-6.3022E+03
-6.3022E+03
-6.3022E+03
-6.3022E+03
-6.3022E+03
-6.3022E+03
-6.3022E+03
-6.3022E+03
-6.3022E+03
-6.3022E+03
-6.3022E+03
-6.3022E+03
-6.3022E+03
-6.3022E+03
-6.3022E+03
-6.3022E+03
-6.3022E+03
-6.3022E+03
-6.3022E+03
-6.3022E+03
-6.3022E+03
-6.3022E+03
-6.3022E+03
-6.3022E+03
-6.3022E+03
-6.3022E+03
-6.3022E+03
-6.3022E+03
-6.3022E+03
-6.3022E+03
-6.3021E+03
-6.3021E+03
-6.3021E+03
-6.3021E+03
-6.3021E+03
-6.3021E+03
-6.3021E+03
-6.3021E+03
-6.3021E+03
-6.3021E+03
-6.3021E+03
-6.3021E+03
-6.3021E+03
-6.3021E+03
-6.3021E+03
-6.3021E+03
-6.3021E+03
-6.3021E+03
-6.3021E+03
-6.3021E+03
-6.3021E+03
-6.3021E+03
-6.3021E+03
-6.3021E+03
-6.3021E+03
-6.3021E+03
-6.3021E+03
-6.3021E+03
-6.3021E+03
-6.3021E+03
-6.3021E+03
-6.3021E+03
-6.3021E+03
-6.3021E+03
-6.3021E+03
-6.3021E+03
-6.3021E+03
-6.3021E+03
-6.3021E+03
-6.3021E+03
-6.3021E+03
-6.3021E+03
-6.3021E+03
-6.3021E+03
-6.3021E+03
-6.3021E+03
-6.3021E+03
-6.3021E+03
-6.3020E+03
-6.3020E+03
-6.3020E+03
-6.3020E+03
-6.3020E+03
-6.3020E+03
-6.3020E+03
-6.3020E+03
-6.3020E+03
-6.3020E+03
-6.3020E+03
-6.3020E+03
-6.3020E+03
-6.3020E+03
-6.3020E+03
-6.3020E+03
-6.3020E+03
-6.3020E+03
-6.3020E+03
-6.3020E+03
-6.3020E+03
-6.3020E+03
-6.3020E+03
-6.3020E+03
-6.3020E+03
-6.3020E+03
-6.3020E+03
-6.3020E+03
-6.3020E+03
-6.3020E+03
-6.3020E+03
-6.3020E+03
-6.3020E+03
-6.3020E+03
-6.3020E+03
-6.3020E+03
-6.3020E+03
-6.3020E+03
-6.3020E+03
-6.3020E+03
-6.3020E+03
-6.3020E+03
-6.3020E+03
-6.3020E+03
-6.3020E+03
-6.3020E+03
-6.3020E+03
-6.3020E+03
-6.3020E+03
-6.3020E+03
-6.3020E+03
-6.3020E+03
-6.3019E+03
-6.3019E+03
-6.3019E+03
-6.3019E+03
-6.3019E+03
-6.3019E+03
-6.3019E+03
-6.3019E+03
-6.3019E+03
-6.3019E+03
-6.3019E+03
-6.3019E+03
-6.3019E+03
-6.3019E+03
-6.3019E+03
-6.3019E+03
-6.3019E+03
-6.3019E+03
-6.3019E+03
-6.3019E+03
-6.3019E+03
-6.3019E+03
-6.3019E+03
-6.3019E+03
-6.3019E+03
-6.3019E+03
-6.3019E+03
-6.3019E+03
-6.3019E+03
-6.3019E+03
-6.3019E+03
-6.3019E+03
-6.3019E+03
-6.3019E+03
-6.3019E+03
-6.3019E+03
-6.3019E+03
-6.3019E+03
-6.3019E+03
-6.3019E+03
-6.3019E+03
-6.3019E+03
-6.3019E+03
-6.3019E+03
-6.3018E+03
-6.3018E+03
-6.3018E+03
-6.3018E+03
-6.3018E+03
-6.3018E+03
-6.3018E+03
-6.3018E+03
-6.3018E+03
-6.3018E+03
-6.3018E+03
-6.3018E+03
-6.3018E+03
-6.3018E+03
-6.3018E+03
-6.3018E+03
-6.3018E+03
-6.3018E+03
-6.3018E+03
-6.3018E+03
-6.3018E+03
-6.3018E+03
-6.3018E+03
-6.3018E+03
-6.3018E+03
-6.3018E+03
-6.3018E+03
-6.3018E+03
-6.3018E+03
-6.3018E+03
-6.3018E+03
-6.3018E+03
-6.3018E+03
-6.3018E+03
-6.3018E+03
-6.3018E+03
-6.3018E+03
-6.3018E+03
-6.3018E+03
-6.3018E+03
-6.3018E+03
-6.3018E+03
-6.3018E+03
-6.3018E+03
-6.3018E+03
-6.3018E+03
-6.3018E+03
-6.3018E+03
-6.3018E+03
-6.3018E+03
-6.3018E+03
-6.3018E+03
-6.3018E+03
-6.3017E+03
-6.3017E+03
-6.3017E+03
-6.3017E+03
-6.3017E+03
-6.3017E+03
-6.3017E+03
-6.3017E+03
-6.3017E+03
-6.3017E+03
-6.3017E+03
-6.3017E+03
-6.3017E+03
-6.3017E+03
-6.3017E+03
-6.3017E+03
-6.3017E+03
-6.3017E+03
-6.3017E+03
-6.3017E+03
-6.3017E+03
-6.3017E+03
-6.3017E+03
-6.3017E+03
-6.3017E+03
-6.3017E+03
-6.3017E+03
-6.3017E+03
-6.3017E+03
-6.3017E+03
-6.3017E+03
-6.3017E+03
-6.3017E+03
-6.3017E+03
-6.3017E+03
-6.3017E+03
-6.3017E+03
-6.3017E+03
-6.3017E+03
-6.3017E+03
-6.3017E+03
-6.3017E+03
-6.3017E+03
-6.3017E+03
-6.3017E+03
-6.3017E+03
-6.3017E+03
-6.3017E+03
-6.3017E+03
-6.3017E+03
-6.3017E+03
-6.3017E+03
-6.3017E+03
-6.3017E+03
-6.3017E+03
-6.3017E+03
-6.3017E+03
-6.3016E+03
-6.3016E+03
-6.3016E+03
-6.3016E+03
-6.3016E+03
-6.3016E+03
-6.3016E+03
-6.3016E+03
-6.3016E+03
-6.3016E+03
-6.3016E+03
-6.3016E+03
-6.3016E+03
-6.3016E+03
-6.3016E+03
-6.3016E+03
-6.3016E+03
-6.3016E+03
-6.3016E+03
-6.3016E+03
-6.3016E+03
-6.3016E+03
-6.3016E+03
-6.3016E+03
-6.3016E+03
-6.3016E+03
-6.3016E+03
-6.3016E+03
-6.3016E+03
-6.3016E+03
-6.3016E+03
-6.3016E+03
-6.3016E+03
-6.3016E+03
-6.3016E+03
-6.3016E+03
-6.3015E+03
-6.3015E+03
-6.3015E+03
-6.3015E+03
-6.3015E+03
-6.3015E+03
-6.3015E+03
-6.3015E+03
-6.3015E+03
-6.3015E+03
-6.3015E+03
-6.3015E+03
-6.3015E+03
-6.3015E+03
-6.3015E+03
-6.3015E+03
-6.3015E+03
-6.3015E+03
-6.3015E+03
-6.3015E+03
-6.3015E+03
-6.3015E+03
-6.3015E+03
-6.3015E+03
-6.3015E+03
-6.3015E+03
-6.3015E+03
-6.3015E+03
-6.3015E+03
-6.3015E+03
-6.3015E+03
-6.3015E+03
-6.3015E+03
-6.3015E+03
-6.3015E+03
-6.3015E+03
-6.3015E+03
-6.3015E+03
-6.3015E+03
-6.3015E+03
-6.3015E+03
-6.3014E+03
-6.3014E+03
-6.3014E+03
-6.3014E+03
-6.3014E+03
-6.3014E+03
-6.3014E+03
-6.3014E+03
-6.3014E+03
-6.3014E+03
-6.3014E+03
-6.3014E+03
-6.3014E+03
-6.3014E+03
-6.3014E+03
-6.3014E+03
-6.3014E+03
-6.3014E+03
-6.3014E+03
-6.3014E+03
-6.3014E+03
-6.3014E+03
-6.3014E+03
-6.3014E+03
-6.3014E+03
-6.3014E+03
-6.3014E+03
-6.3014E+03
-6.3014E+03
-6.3014E+03
-6.3014E+03
-6.3014E+03
-6.3014E+03
-6.3014E+03
-6.3014E+03
-6.3014E+03
-6.3014E+03
-6.3014E+03
-6.3014E+03
-6.3014E+03
-6.3014E+03
-6.3014E+03
-6.3014E+03
-6.3014E+03
-6.3014E+03
-6.3014E+03
-6.3014E+03
-6.3014E+03
-6.3014E+03
-6.3013E+03
-6.3013E+03
-6.3013E+03
-6.3013E+03
-6.3013E+03
-6.3013E+03
-6.3013E+03
-6.3013E+03
-6.3013E+03
-6.3013E+03
-6.3013E+03
-6.3013E+03
-6.3013E+03
-6.3013E+03
-6.3013E+03
-6.3013E+03
-6.3013E+03
-6.3013E+03
-6.3013E+03
-6.3013E+03
-6.3013E+03
-6.3013E+03
-6.3013E+03
-6.3013E+03
-6.3013E+03
-6.3013E+03
-6.3013E+03
-6.3013E+03
-6.3013E+03
-6.3013E+03
-6.3013E+03
-6.3013E+03
-6.3013E+03
-6.3013E+03
-6.3013E+03
-6.3013E+03
-6.3013E+03
-6.3013E+03
-6.3013E+03
-6.3013E+03
-6.3013E+03
-6.3013E+03
-6.3013E+03
-6.3013E+03
-6.3013E+03
-6.3013E+03
-6.3013E+03
-6.3013E+03
-6.3013E+03
-6.3013E+03
-6.3013E+03
-6.3013E+03
-6.3013E+03
-6.3013E+03
-6.3012E+03
-6.3012E+03
-6.3012E+03
-6.3012E+03
-6.3012E+03
-6.3012E+03
-6.3012E+03
-6.3012E+03
-6.3012E+03
-6.3012E+03
-6.3012E+03
-6.3012E+03
-6.3012E+03
-6.3012E+03
-6.3012E+03
-6.3012E+03
-6.3012E+03
-6.3012E+03
-6.3012E+03
-6.3012E+03
-6.3012E+03
-6.3012E+03
-6.3012E+03
-6.3012E+03
-6.3012E+03
-6.3012E+03
-6.3012E+03
-6.3012E+03
-6.3012E+03
-6.3012E+03
-6.3012E+03
-6.3012E+03
-6.3012E+03
-6.3012E+03
-6.3012E+03
-6.3012E+03
-6.3012E+03
-6.3012E+03
-6.3012E+03
-6.3012E+03
-6.3012E+03
-6.3012E+03
-6.3012E+03
-6.3012E+03
-6.3012E+03
-6.3012E+03
-6.3012E+03
-6.3012E+03
-6.3012E+03
-6.3012E+03
-6.3012E+03
-6.3012E+03
-6.3012E+03
-6.3012E+03
-6.3012E+03
-6.3012E+03
-6.3012E+03
-6.3012E+03
-6.3012E+03
-6.3012E+03
-6.3012E+03
-6.3012E+03
-6.3012E+03
-6.3011E+03
-6.3011E+03
-6.3011E+03
-6.3011E+03
-6.3011E+03
-6.3011E+03
-6.3011E+03
-6.3011E+03
-6.3011E+03
-6.3011E+03
-6.3011E+03
-6.3011E+03
-6.3011E+03
-6.3011E+03
-6.3011E+03
-6.3011E+03
-6.3011E+03
-6.3011E+03
-6.3011E+03
-6.3011E+03
-6.3011E+03
-6.3011E+03
-6.3011E+03
-6.3011E+03
-6.3011E+03
-6.3011E+03
-6.3011E+03
-6.3011E+03
-6.3011E+03
-6.3011E+03
-6.3011E+03
-6.3011E+03
-6.3011E+03
-6.3011E+03
-6.3011E+03
-6.3011E+03
-6.3011E+03
-6.3011E+03
-6.3011E+03
-6.3011E+03
-6.3011E+03
-6.3011E+03
-6.3011E+03
-6.3011E+03
-6.3011E+03
-6.3011E+03
-6.3011E+03
-6.3011E+03
-6.3011E+03
-6.3010E+03
-6.3010E+03
-6.3010E+03
-6.3010E+03
-6.3010E+03
-6.3010E+03
-6.3010E+03
-6.3010E+03
-6.3010E+03
-6.3010E+03
-6.3010E+03
-6.3010E+03
-6.3010E+03
-6.3010E+03
-6.3010E+03
-6.3010E+03
-6.3010E+03
-6.3010E+03
-6.3010E+03
-6.3010E+03
-6.3010E+03
-6.3010E+03
-6.3010E+03
-6.3010E+03
-6.3010E+03
-6.3010E+03
-6.3010E+03
-6.3010E+03
-6.3010E+03
-6.3010E+03
-6.3010E+03
-6.3010E+03
-6.3010E+03
-6.3010E+03
-6.3010E+03
-6.3010E+03
-6.3010E+03
-6.3010E+03
-6.3010E+03
-6.3010E+03
-6.3010E+03
-6.3010E+03
-6.3010E+03
-6.3010E+03
-6.3009E+03
-6.3009E+03
-6.3009E+03
-6.3009E+03
-6.3009E+03
-6.3009E+03
-6.3009E+03
-6.3009E+03
-6.3009E+03
-6.3009E+03
-6.3009E+03
-6.3009E+03
-6.3009E+03
-6.3009E+03
-6.3009E+03
-6.3009E+03
-6.3009E+03
-6.3009E+03
-6.3009E+03
-6.3009E+03
-6.3009E+03
-6.3009E+03
-6.3009E+03
-6.3009E+03
-6.3009E+03
-6.3009E+03
-6.3009E+03
-6.3009E+03
-6.3009E+03
-6.3009E+03
-6.3009E+03
-6.3009E+03
-6.3009E+03
-6.3009E+03
-6.3009E+03
-6.3009E+03
-6.3009E+03
-6.3009E+03
-6.3009E+03
-6.3009E+03
-6.3009E+03
-6.3009E+03
-6.3009E+03
-6.3009E+03
-6.3009E+03
-6.3009E+03
-6.3009E+03
-6.3009E+03
-6.3009E+03
-6.3009E+03
-6.3009E+03
-6.3009E+03
-6.3009E+03
-6.3009E+03
-6.3009E+03
-6.3009E+03
-6.3009E+03
-6.3009E+03
-6.3009E+03
-6.3009E+03
-6.3008E+03
-6.3008E+03
-6.3008E+03
-6.3008E+03
-6.3008E+03
-6.3008E+03
-6.3008E+03
-6.3008E+03
-6.3008E+03
-6.3008E+03
-6.3008E+03
-6.3008E+03
-6.3008E+03
-6.3008E+03
-6.3008E+03
-6.3008E+03
-6.3008E+03
-6.3008E+03
-6.3008E+03
-6.3008E+03
-6.3008E+03
-6.3008E+03
-6.3008E+03
-6.3008E+03
-6.3008E+03
-6.3008E+03
-6.3008E+03
-6.3008E+03
-6.3008E+03
-6.3008E+03
-6.3008E+03
-6.3008E+03
-6.3008E+03
-6.3008E+03
-6.3008E+03
-6.3008E+03
-6.3008E+03
-6.3008E+03
-6.3008E+03
-6.3008E+03
-6.3008E+03
-6.3008E+03
-6.3008E+03
-6.3008E+03
-6.3008E+03
-6.3008E+03
-6.3008E+03
-6.3008E+03
-6.3008E+03
-6.3008E+03
-6.3007E+03
-6.3007E+03
-6.3007E+03
-6.3007E+03
-6.3007E+03
-6.3007E+03
-6.3007E+03
-6.3007E+03
-6.3007E+03
-6.3007E+03
-6.3007E+03
-6.3007E+03
-6.3007E+03
-6.3007E+03
-6.3007E+03
-6.3007E+03
-6.3007E+03
-6.3007E+03
-6.3007E+03
-6.3007E+03
-6.3007E+03
-6.3007E+03
-6.3007E+03
-6.3007E+03
-6.3007E+03
-6.3007E+03
-6.3007E+03
-6.3007E+03
-6.3007E+03
-6.3007E+03
-6.3007E+03
-6.3007E+03
-6.3007E+03
-6.3007E+03
-6.3007E+03
-6.3007E+03
-6.3007E+03
-6.3007E+03
-6.3007E+03
-6.3007E+03
-6.3007E+03
-6.3007E+03
-6.3007E+03
-6.3007E+03
-6.3007E+03
-6.3006E+03
-6.3006E+03
-6.3006E+03
-6.3006E+03
-6.3006E+03
-6.3006E+03
-6.3006E+03
-6.3006E+03
-6.3006E+03
-6.3006E+03
-6.3006E+03
-6.3006E+03
-6.3006E+03
-6.3006E+03
-6.3006E+03
-6.3006E+03
-6.3006E+03
-6.3006E+03
-6.3006E+03
-6.3006E+03
-6.3006E+03
-6.3006E+03
-6.3006E+03
-6.3006E+03
-6.3006E+03
-6.3006E+03
-6.3006E+03
-6.3006E+03
-6.3006E+03
-6.3006E+03
-6.3006E+03
-6.3006E+03
-6.3006E+03
-6.3006E+03
-6.3006E+03
-6.3006E+03
-6.3006E+03
-6.3006E+03
-6.3006E+03
-6.3006E+03
-6.3006E+03
-6.3006E+03
-6.3006E+03
-6.3006E+03
-6.3006E+03
-6.3006E+03
-6.3006E+03
-6.3006E+03
-6.3006E+03
-6.3006E+03
-6.3005E+03
-6.3005E+03
-6.3005E+03
-6.3005E+03
-6.3005E+03
-6.3005E+03
-6.3005E+03
-6.3005E+03
-6.3005E+03
-6.3005E+03
-6.3005E+03
-6.3005E+03
-6.3005E+03
-6.3005E+03
-6.3005E+03
-6.3005E+03
-6.3005E+03
-6.3005E+03
-6.3005E+03
-6.3005E+03
-6.3005E+03
-6.3005E+03
-6.3005E+03
-6.3005E+03
-6.3005E+03
-6.3005E+03
-6.3005E+03
-6.3005E+03
-6.3005E+03
-6.3005E+03
-6.3005E+03
-6.3005E+03
-6.3004E+03
-6.3004E+03
-6.3004E+03
-6.3004E+03
-6.3004E+03
-6.3004E+03
-6.3004E+03
-6.3004E+03
-6.3004E+03
-6.3004E+03
-6.3004E+03
-6.3004E+03
-6.3004E+03
-6.3004E+03
-6.3004E+03
-6.3004E+03
-6.3004E+03
-6.3004E+03
-6.3004E+03
-6.3004E+03
-6.3004E+03
-6.3004E+03
-6.3004E+03
-6.3004E+03
-6.3004E+03
-6.3004E+03
-6.3004E+03
-6.3004E+03
-6.3004E+03
-6.3004E+03
-6.3004E+03
-6.3004E+03
-6.3004E+03
-6.3004E+03
-6.3004E+03
-6.3004E+03
-6.3004E+03
-6.3004E+03
-6.3003E+03
-6.3003E+03
-6.3003E+03
-6.3003E+03
-6.3003E+03
-6.3003E+03
-6.3003E+03
-6.3003E+03
-6.3003E+03
-6.3003E+03
-6.3003E+03
-6.3003E+03
-6.3003E+03
-6.3003E+03
-6.3003E+03
-6.3003E+03
-6.3003E+03
-6.3003E+03
-6.3003E+03
-6.3003E+03
-6.3003E+03
-6.3003E+03
-6.3003E+03
-6.3003E+03
-6.3003E+03
-6.3003E+03
-6.3003E+03
-6.3003E+03
-6.3003E+03
-6.3003E+03
-6.3003E+03
-6.3003E+03
-6.3002E+03
-6.3002E+03
-6.3002E+03
-6.3002E+03
-6.3002E+03
-6.3002E+03
-6.3002E+03
-6.3002E+03
-6.3002E+03
-6.3002E+03
-6.3002E+03
-6.3002E+03
-6.3002E+03
-6.3002E+03
-6.3002E+03
-6.3002E+03
-6.3002E+03
-6.3002E+03
-6.3002E+03
-6.3002E+03
-6.3002E+03
-6.3001E+03
-6.3001E+03
-6.3001E+03
-6.3001E+03
-6.3001E+03
-6.3001E+03
-6.3001E+03
-6.3001E+03
-6.3001E+03
-6.3001E+03
-6.3001E+03
-6.3001E+03
-6.3001E+03
-6.3001E+03
-6.3001E+03
-6.3001E+03
-6.3001E+03
-6.3001E+03
-6.3001E+03
-6.3001E+03
-6.3001E+03
-6.3001E+03
-6.3001E+03
-6.3001E+03
-6.3001E+03
-6.3001E+03
-6.3001E+03
-6.3001E+03
-6.3001E+03
-6.3001E+03
-6.3001E+03
-6.3001E+03
-6.3001E+03
-6.3000E+03
-6.3000E+03
-6.3000E+03
-6.3000E+03
-6.3000E+03
-6.3000E+03
-6.3000E+03
-6.3000E+03
-6.3000E+03
-6.3000E+03
-6.3000E+03
-6.3000E+03
-6.3000E+03
-6.3000E+03
-6.3000E+03
-6.3000E+03
-6.3000E+03
-6.3000E+03
-6.3000E+03
-6.3000E+03
-6.3000E+03
-6.3000E+03
-6.3000E+03
-6.3000E+03
-6.3000E+03
-6.3000E+03
-6.3000E+03
-6.3000E+03
-6.3000E+03
-6.3000E+03
-6.3000E+03
-6.3000E+03
-6.3000E+03
-6.2999E+03
-6.2999E+03
-6.2999E+03
-6.2999E+03
-6.2999E+03
-6.2999E+03
-6.2999E+03
-6.2999E+03
-6.2999E+03
-6.2999E+03
-6.2999E+03
-6.2999E+03
-6.2999E+03
-6.2999E+03
-6.2999E+03
-6.2999E+03
-6.2999E+03
-6.2999E+03
-6.2999E+03
-6.2999E+03
-6.2999E+03
-6.2999E+03
-6.2999E+03
-6.2999E+03
-6.2999E+03
-6.2999E+03
-6.2999E+03
-6.2999E+03
-6.2999E+03
-6.2999E+03
-6.2999E+03
-6.2999E+03
-6.2999E+03
-6.2999E+03
-6.2999E+03
-6.2999E+03
-6.2999E+03
-6.2999E+03
-6.2999E+03
-6.2999E+03
-6.2998E+03
-6.2998E+03
-6.2998E+03
-6.2998E+03
-6.2998E+03
-6.2998E+03
-6.2998E+03
-6.2998E+03
-6.2998E+03
-6.2998E+03
-6.2998E+03
-6.2998E+03
-6.2998E+03
-6.2998E+03
-6.2998E+03
-6.2998E+03
-6.2998E+03
-6.2998E+03
-6.2998E+03
-6.2998E+03
-6.2998E+03
-6.2998E+03
-6.2998E+03
-6.2998E+03
-6.2998E+03
-6.2998E+03
-6.2998E+03
-6.2998E+03
-6.2997E+03
-6.2997E+03
-6.2997E+03
-6.2997E+03
-6.2997E+03
-6.2997E+03
-6.2997E+03
-6.2997E+03
-6.2997E+03
-6.2997E+03
-6.2997E+03
-6.2997E+03
-6.2997E+03
-6.2997E+03
-6.2997E+03
-6.2997E+03
-6.2997E+03
-6.2997E+03
-6.2997E+03
-6.2997E+03
-6.2997E+03
-6.2997E+03
-6.2997E+03
-6.2997E+03
-6.2997E+03
-6.2997E+03
-6.2996E+03
-6.2996E+03
-6.2996E+03
-6.2996E+03
-6.2996E+03
-6.2996E+03
-6.2996E+03
-6.2996E+03
-6.2996E+03
-6.2996E+03
-6.2996E+03
-6.2996E+03
-6.2996E+03
-6.2996E+03
-6.2996E+03
-6.2996E+03
-6.2996E+03
-6.2996E+03
-6.2996E+03
-6.2996E+03
-6.2996E+03
-6.2995E+03
-6.2995E+03
-6.2995E+03
-6.2995E+03
-6.2995E+03
-6.2995E+03
-6.2995E+03
-6.2995E+03
-6.2995E+03
-6.2995E+03
-6.2995E+03
-6.2995E+03
-6.2995E+03
-6.2995E+03
-6.2995E+03
-6.2995E+03
-6.2995E+03
-6.2995E+03
-6.2995E+03
-6.2994E+03
-6.2994E+03
-6.2994E+03
-6.2994E+03
-6.2994E+03
-6.2994E+03
-6.2994E+03
-6.2994E+03
-6.2994E+03
-6.2994E+03
-6.2994E+03
-6.2994E+03
-6.2994E+03
-6.2994E+03
-6.2994E+03
-6.2994E+03
-6.2994E+03
-6.2994E+03
-6.2994E+03
-6.2994E+03
-6.2994E+03
-6.2994E+03
-6.2994E+03
-6.2994E+03
-6.2993E+03
-6.2993E+03
-6.2993E+03
-6.2993E+03
-6.2993E+03
-6.2993E+03
-6.2993E+03
-6.2993E+03
-6.2993E+03
-6.2993E+03
-6.2993E+03
-6.2993E+03
-6.2993E+03
-6.2993E+03
-6.2993E+03
-6.2992E+03
-6.2992E+03
-6.2992E+03
-6.2992E+03
-6.2992E+03
-6.2992E+03
-6.2992E+03
-6.2992E+03
-6.2992E+03
-6.2992E+03
-6.2992E+03
-6.2992E+03
-6.2992E+03
-6.2992E+03
-6.2992E+03
-6.2992E+03
-6.2992E+03
-6.2992E+03
-6.2992E+03
-6.2992E+03
-6.2992E+03
-6.2992E+03
-6.2992E+03
-6.2992E+03
-6.2992E+03
-6.2992E+03
-6.2991E+03
-6.2991E+03
-6.2991E+03
-6.2991E+03
-6.2991E+03
-6.2991E+03
-6.2991E+03
-6.2991E+03
-6.2991E+03
-6.2991E+03
-6.2991E+03
-6.2991E+03
-6.2991E+03
-6.2991E+03
-6.2991E+03
-6.2991E+03
-6.2991E+03
-6.2991E+03
-6.2991E+03
-6.2990E+03
-6.2990E+03
-6.2990E+03
-6.2990E+03
-6.2990E+03
-6.2990E+03
-6.2990E+03
-6.2990E+03
-6.2990E+03
-6.2990E+03
-6.2990E+03
-6.2990E+03
-6.2990E+03
-6.2990E+03
-6.2990E+03
-6.2990E+03
-6.2990E+03
-6.2990E+03
-6.2990E+03
-6.2990E+03
-6.2990E+03
-6.2989E+03
-6.2989E+03
-6.2989E+03
-6.2989E+03
-6.2989E+03
-6.2989E+03
-6.2989E+03
-6.2989E+03
-6.2989E+03
-6.2989E+03
-6.2989E+03
-6.2989E+03
-6.2989E+03
-6.2989E+03
-6.2989E+03
-6.2989E+03
-6.2989E+03
-6.2989E+03
-6.2988E+03
-6.2988E+03
-6.2988E+03
-6.2988E+03
-6.2988E+03
-6.2988E+03
-6.2988E+03
-6.2988E+03
-6.2988E+03
-6.2988E+03
-6.2988E+03
-6.2988E+03
-6.2988E+03
-6.2988E+03
-6.2988E+03
-6.2988E+03
-6.2988E+03
-6.2988E+03
-6.2988E+03
-6.2988E+03
-6.2988E+03
-6.2988E+03
-6.2988E+03
-6.2988E+03
-6.2988E+03
-6.2988E+03
-6.2988E+03
-6.2988E+03
-6.2987E+03
-6.2987E+03
-6.2987E+03
-6.2987E+03
-6.2987E+03
-6.2987E+03
-6.2987E+03
-6.2987E+03
-6.2987E+03
-6.2987E+03
-6.2987E+03
-6.2987E+03
-6.2987E+03
-6.2987E+03
-6.2987E+03
-6.2987E+03
-6.2986E+03
-6.2986E+03
-6.2986E+03
-6.2986E+03
-6.2986E+03
-6.2986E+03
-6.2986E+03
-6.2986E+03
-6.2986E+03
-6.2986E+03
-6.2986E+03
-6.2985E+03
-6.2985E+03
-6.2985E+03
-6.2985E+03
-6.2985E+03
-6.2984E+03
-6.2984E+03
-6.2984E+03
-6.2984E+03
-6.2984E+03
-6.2984E+03
-6.2984E+03
-6.2984E+03
-6.2984E+03
-6.2984E+03
-6.2984E+03
-6.2984E+03
-6.2984E+03
-6.2984E+03
-6.2984E+03
-6.2984E+03
-6.2983E+03
-6.2983E+03
-6.2983E+03
-6.2983E+03
-6.2983E+03
-6.2983E+03
-6.2983E+03
-6.2983E+03
-6.2982E+03
-6.2982E+03
-6.2982E+03
-6.2982E+03
-6.2982E+03
-6.2982E+03
-6.2982E+03
-6.2982E+03
-6.2982E+03
-6.2982E+03
-6.2981E+03
-6.2981E+03
-6.2981E+03
-6.2981E+03
-6.2980E+03
-6.2980E+03
-6.2980E+03
-6.2980E+03
-6.2980E+03
-6.2980E+03
-6.2980E+03
-6.2979E+03
-6.2979E+03
-6.2979E+03
-6.2978E+03
-6.2978E+03
-6.2978E+03
-6.2978E+03
-6.2978E+03
-6.2978E+03
-6.2978E+03
-6.2978E+03
-6.2978E+03
-6.2978E+03
-6.2977E+03
-6.2977E+03
-6.2977E+03
-6.2977E+03
-6.2977E+03
-6.2976E+03
-6.2976E+03
-6.2976E+03
-6.2976E+03
-6.2976E+03
-6.2976E+03
-6.2976E+03
-6.2976E+03
-6.2975E+03
-6.2975E+03
-6.2975E+03
-6.2974E+03
-6.2974E+03
-6.2974E+03
-6.2974E+03
-6.2974E+03
-6.2973E+03
-6.2973E+03
-6.2973E+03
-6.2973E+03
-6.2973E+03
-6.2972E+03
-6.2972E+03
-6.2972E+03
-6.2972E+03
-6.2971E+03
-6.2971E+03
-6.2971E+03
-6.2970E+03
-6.2970E+03
-6.2969E+03
-6.2968E+03
-6.2968E+03
-6.2968E+03
-6.2968E+03
-6.2967E+03
-6.2966E+03
-6.2966E+03
-6.2966E+03
-6.2965E+03
-6.2965E+03
-6.2964E+03
-6.2964E+03
-6.2963E+03
-6.2963E+03
-6.2961E+03
-6.2961E+03
-6.2961E+03
-6.2960E+03
-6.2960E+03
-6.2959E+03
-6.2956E+03
-6.2955E+03
-6.2954E+03
-6.2949E+03
