-5.8799E+03
-5.8797E+03
-5.8791E+03
-5.8791E+03
-5.8790E+03
-5.8789E+03
-5.8788E+03
-5.8788E+03
-5.8787E+03
-5.8787E+03
-5.8785E+03
-5.8784E+03
-5.8784E+03
-5.8784E+03
-5.8783E+03
-5.8783E+03
-5.8783E+03
-5.8782E+03
-5.8782E+03
-5.8782E+03
-5.8781E+03
-5.8781E+03
-5.8781E+03
-5.8781E+03
-5.8781E+03
-5.8781E+03
-5.8781E+03
-5.8780E+03
-5.8780E+03
-5.8780E+03
-5.8780E+03
-5.8779E+03
-5.8779E+03
-5.8779E+03
-5.8779E+03
-5.8779E+03
-5.8779E+03
-5.8778E+03
-5.8778E+03
-5.8778E+03
-5.8778E+03
-5.8778E+03
-5.8777E+03
-5.8777E+03
-5.8777E+03
-5.8777E+03
-5.8777E+03
-5.8776E+03
-5.8776E+03
-5.8776E+03
-5.8776E+03
-5.8776E+03
-5.8776E+03
-5.8776E+03
-5.8775E+03
-5.8775E+03
-5.8775E+03
-5.8775E+03
-5.8775E+03
-5.8775E+03
-5.8774E+03
-5.8774E+03
-5.8774E+03
-5.8774E+03
-5.8774E+03
-5.8774E+03
-5.8774E+03
-5.8774E+03
-5.8773E+03
-5.8773E+03
-5.8773E+03
-5.8773E+03
-5.8773E+03
-5.8773E+03
-5.8773E+03
-5.8773E+03
-5.8773E+03
-5.8773E+03
-5.8773E+03
-5.8773E+03
-5.8773E+03
-5.8773E+03
-5.8772E+03
-5.8772E+03
-5.8772E+03
-5.8772E+03
-5.8772E+03
-5.8772E+03
-5.8772E+03
-5.8772E+03
-5.8772E+03
-5.8772E+03
-5.8771E+03
-5.8771E+03
-5.8771E+03
-5.8771E+03
-5.8771E+03
-5.8771E+03
-5.8771E+03
-5.8771E+03
-5.8771E+03
-5.8771E+03
-5.8771E+03
-5.8771E+03
-5.8770E+03
-5.8770E+03
-5.8770E+03
-5.8770E+03
-5.8770E+03
-5.8770E+03
-5.8770E+03
-5.8770E+03
-5.8770E+03
-5.8770E+03
-5.8770E+03
-5.8769E+03
-5.8769E+03
-5.8769E+03
-5.8769E+03
-5.8769E+03
-5.8769E+03
-5.8769E+03
-5.8769E+03
-5.8769E+03
-5.8769E+03
-5.8769E+03
-5.8769E+03
-5.8769E+03
-5.8769E+03
-5.8768E+03
-5.8768E+03
-5.8768E+03
-5.8768E+03
-5.8768E+03
-5.8768E+03
-5.8768E+03
-5.8768E+03
-5.8768E+03
-5.8768E+03
-5.8768E+03
-5.8768E+03
-5.8767E+03
-5.8767E+03
-5.8767E+03
-5.8767E+03
-5.8767E+03
-5.8767E+03
-5.8767E+03
-5.8767E+03
-5.8767E+03
-5.8767E+03
-5.8766E+03
-5.8766E+03
-5.8766E+03
-5.8766E+03
-5.8766E+03
-5.8766E+03
-5.8766E+03
-5.8766E+03
-5.8766E+03
-5.8766E+03
-5.8766E+03
-5.8766E+03
-5.8766E+03
-5.8766E+03
-5.8766E+03
-5.8766E+03
-5.8765E+03
-5.8765E+03
-5.8765E+03
-5.8765E+03
-5.8765E+03
-5.8765E+03
-5.8765E+03
-5.8765E+03
-5.8765E+03
-5.8765E+03
-5.8765E+03
-5.8765E+03
-5.8765E+03
-5.8764E+03
-5.8764E+03
-5.8764E+03
-5.8764E+03
-5.8764E+03
-5.8764E+03
-5.8764E+03
-5.8764E+03
-5.8764E+03
-5.8764E+03
-5.8764E+03
-5.8764E+03
-5.8764E+03
-5.8764E+03
-5.8764E+03
-5.8764E+03
-5.8764E+03
-5.8764E+03
-5.8764E+03
-5.8764E+03
-5.8764E+03
-5.8764E+03
-5.8764E+03
-5.8764E+03
-5.8764E+03
-5.8764E+03
-5.8764E+03
-5.8764E+03
-5.8763E+03
-5.8763E+03
-5.8763E+03
-5.8763E+03
-5.8763E+03
-5.8763E+03
-5.8763E+03
-5.8763E+03
-5.8763E+03
-5.8763E+03
-5.8763E+03
-5.8763E+03
-5.8763E+03
-5.8763E+03
-5.8763E+03
-5.8763E+03
-5.8762E+03
-5.8762E+03
-5.8762E+03
-5.8762E+03
-5.8762E+03
-5.8762E+03
-5.8762E+03
-5.8762E+03
-5.8762E+03
-5.8762E+03
-5.8762E+03
-5.8762E+03
-5.8762E+03
-5.8762E+03
-5.8762E+03
-5.8761E+03
-5.8761E+03
-5.8761E+03
-5.8761E+03
-5.8761E+03
-5.8761E+03
-5.8761E+03
-5.8761E+03
-5.8761E+03
-5.8761E+03
-5.8761E+03
-5.8761E+03
-5.8761E+03
-5.8761E+03
-5.8761E+03
-5.8760E+03
-5.8760E+03
-5.8760E+03
-5.8760E+03
-5.8760E+03
-5.8760E+03
-5.8760E+03
-5.8760E+03
-5.8760E+03
-5.8760E+03
-5.8760E+03
-5.8760E+03
-5.8760E+03
-5.8760E+03
-5.8760E+03
-5.8760E+03
-5.8760E+03
-5.8760E+03
-5.8760E+03
-5.8760E+03
-5.8760E+03
-5.8760E+03
-5.8760E+03
-5.8760E+03
-5.8760E+03
-5.8760E+03
-5.8759E+03
-5.8759E+03
-5.8759E+03
-5.8759E+03
-5.8759E+03
-5.8759E+03
-5.8759E+03
-5.8759E+03
-5.8759E+03
-5.8759E+03
-5.8759E+03
-5.8759E+03
-5.8759E+03
-5.8759E+03
-5.8759E+03
-5.8759E+03
-5.8759E+03
-5.8759E+03
-5.8759E+03
-5.8759E+03
-5.8759E+03
-5.8759E+03
-5.8759E+03
-5.8759E+03
-5.8759E+03
-5.8759E+03
-5.8759E+03
-5.8759E+03
-5.8758E+03
-5.8758E+03
-5.8758E+03
-5.8758E+03
-5.8758E+03
-5.8758E+03
-5.8758E+03
-5.8758E+03
-5.8758E+03
-5.8758E+03
-5.8758E+03
-5.8758E+03
-5.8758E+03
-5.8758E+03
-5.8758E+03
-5.8758E+03
-5.8758E+03
-5.8758E+03
-5.8758E+03
-5.8758E+03
-5.8758E+03
-5.8758E+03
-5.8758E+03
-5.8758E+03
-5.8758E+03
-5.8758E+03
-5.8758E+03
-5.8758E+03
-5.8758E+03
-5.8758E+03
-5.8758E+03
-5.8758E+03
-5.8758E+03
-5.8757E+03
-5.8757E+03
-5.8757E+03
-5.8757E+03
-5.8757E+03
-5.8757E+03
-5.8757E+03
-5.8757E+03
-5.8757E+03
-5.8757E+03
-5.8757E+03
-5.8757E+03
-5.8757E+03
-5.8757E+03
-5.8757E+03
-5.8757E+03
-5.8757E+03
-5.8757E+03
-5.8757E+03
-5.8757E+03
-5.8757E+03
-5.8757E+03
-5.8757E+03
-5.8757E+03
-5.8756E+03
-5.8756E+03
-5.8756E+03
-5.8756E+03
-5.8756E+03
-5.8756E+03
-5.8756E+03
-5.8756E+03
-5.8756E+03
-5.8756E+03
-5.8756E+03
-5.8756E+03
-5.8756E+03
-5.8756E+03
-5.8756E+03
-5.8756E+03
-5.8756E+03
-5.8756E+03
-5.8756E+03
-5.8756E+03
-5.8756E+03
-5.8756E+03
-5.8756E+03
-5.8756E+03
-5.8756E+03
-5.8756E+03
-5.8756E+03
-5.8756E+03
-5.8756E+03
-5.8756E+03
-5.8756E+03
-5.8756E+03
-5.8756E+03
-5.8756E+03
-5.8756E+03
-5.8755E+03
-5.8755E+03
-5.8755E+03
-5.8755E+03
-5.8755E+03
-5.8755E+03
-5.8755E+03
-5.8755E+03
-5.8755E+03
-5.8755E+03
-5.8755E+03
-5.8755E+03
-5.8755E+03
-5.8755E+03
-5.8755E+03
-5.8755E+03
-5.8755E+03
-5.8755E+03
-5.8755E+03
-5.8755E+03
-5.8755E+03
-5.8755E+03
-5.8755E+03
-5.8755E+03
-5.8755E+03
-5.8755E+03
-5.8755E+03
-5.8755E+03
-5.8755E+03
-5.8755E+03
-5.8755E+03
-5.8755E+03
-5.8755E+03
-5.8755E+03
-5.8755E+03
-5.8755E+03
-5.8754E+03
-5.8754E+03
-5.8754E+03
-5.8754E+03
-5.8754E+03
-5.8754E+03
-5.8754E+03
-5.8754E+03
-5.8754E+03
-5.8754E+03
-5.8754E+03
-5.8754E+03
-5.8754E+03
-5.8754E+03
-5.8754E+03
-5.8754E+03
-5.8754E+03
-5.8754E+03
-5.8754E+03
-5.8754E+03
-5.8754E+03
-5.8754E+03
-5.8754E+03
-5.8754E+03
-5.8754E+03
-5.8754E+03
-5.8754E+03
-5.8754E+03
-5.8754E+03
-5.8753E+03
-5.8753E+03
-5.8753E+03
-5.8753E+03
-5.8753E+03
-5.8753E+03
-5.8753E+03
-5.8753E+03
-5.8753E+03
-5.8753E+03
-5.8753E+03
-5.8753E+03
-5.8753E+03
-5.8753E+03
-5.8753E+03
-5.8753E+03
-5.8753E+03
-5.8753E+03
-5.8753E+03
-5.8753E+03
-5.8753E+03
-5.8753E+03
-5.8753E+03
-5.8753E+03
-5.8753E+03
-5.8753E+03
-5.8753E+03
-5.8753E+03
-5.8753E+03
-5.8753E+03
-5.8753E+03
-5.8753E+03
-5.8753E+03
-5.8753E+03
-5.8753E+03
-5.8753E+03
-5.8752E+03
-5.8752E+03
-5.8752E+03
-5.8752E+03
-5.8752E+03
-5.8752E+03
-5.8752E+03
-5.8752E+03
-5.8752E+03
-5.8752E+03
-5.8752E+03
-5.8752E+03
-5.8752E+03
-5.8752E+03
-5.8752E+03
-5.8752E+03
-5.8752E+03
-5.8752E+03
-5.8752E+03
-5.8752E+03
-5.8752E+03
-5.8752E+03
-5.8752E+03
-5.8752E+03
-5.8752E+03
-5.8752E+03
-5.8752E+03
-5.8752E+03
-5.8752E+03
-5.8752E+03
-5.8752E+03
-5.8752E+03
-5.8752E+03
-5.8752E+03
-5.8752E+03
-5.8752E+03
-5.8752E+03
-5.8752E+03
-5.8752E+03
-5.8752E+03
-5.8752E+03
-5.8752E+03
-5.8752E+03
-5.8752E+03
-5.8752E+03
-5.8752E+03
-5.8752E+03
-5.8752E+03
-5.8752E+03
-5.8752E+03
-5.8752E+03
-5.8752E+03
-5.8752E+03
-5.8752E+03
-5.8751E+03
-5.8751E+03
-5.8751E+03
-5.8751E+03
-5.8751E+03
-5.8751E+03
-5.8751E+03
-5.8751E+03
-5.8751E+03
-5.8751E+03
-5.8751E+03
-5.8751E+03
-5.8751E+03
-5.8751E+03
-5.8751E+03
-5.8751E+03
-5.8751E+03
-5.8751E+03
-5.8751E+03
-5.8751E+03
-5.8751E+03
-5.8751E+03
-5.8751E+03
-5.8751E+03
-5.8751E+03
-5.8751E+03
-5.8751E+03
-5.8751E+03
-5.8751E+03
-5.8751E+03
-5.8751E+03
-5.8751E+03
-5.8751E+03
-5.8751E+03
-5.8751E+03
-5.8751E+03
-5.8751E+03
-5.8751E+03
-5.8751E+03
-5.8751E+03
-5.8751E+03
-5.8751E+03
-5.8751E+03
-5.8751E+03
-5.8750E+03
-5.8750E+03
-5.8750E+03
-5.8750E+03
-5.8750E+03
-5.8750E+03
-5.8750E+03
-5.8750E+03
-5.8750E+03
-5.8750E+03
-5.8750E+03
-5.8750E+03
-5.8750E+03
-5.8750E+03
-5.8750E+03
-5.8750E+03
-5.8750E+03
-5.8750E+03
-5.8750E+03
-5.8750E+03
-5.8750E+03
-5.8750E+03
-5.8750E+03
-5.8750E+03
-5.8750E+03
-5.8750E+03
-5.8750E+03
-5.8750E+03
-5.8750E+03
-5.8750E+03
-5.8750E+03
-5.8750E+03
-5.8750E+03
-5.8750E+03
-5.8749E+03
-5.8749E+03
-5.8749E+03
-5.8749E+03
-5.8749E+03
-5.8749E+03
-5.8749E+03
-5.8749E+03
-5.8749E+03
-5.8749E+03
-5.8749E+03
-5.8749E+03
-5.8749E+03
-5.8749E+03
-5.8749E+03
-5.8749E+03
-5.8749E+03
-5.8749E+03
-5.8749E+03
-5.8749E+03
-5.8749E+03
-5.8749E+03
-5.8749E+03
-5.8749E+03
-5.8749E+03
-5.8749E+03
-5.8749E+03
-5.8749E+03
-5.8749E+03
-5.8749E+03
-5.8749E+03
-5.8749E+03
-5.8749E+03
-5.8749E+03
-5.8749E+03
-5.8749E+03
-5.8749E+03
-5.8749E+03
-5.8749E+03
-5.8749E+03
-5.8749E+03
-5.8749E+03
-5.8749E+03
-5.8749E+03
-5.8749E+03
-5.8749E+03
-5.8749E+03
-5.8749E+03
-5.8749E+03
-5.8749E+03
-5.8749E+03
-5.8748E+03
-5.8748E+03
-5.8748E+03
-5.8748E+03
-5.8748E+03
-5.8748E+03
-5.8748E+03
-5.8748E+03
-5.8748E+03
-5.8748E+03
-5.8748E+03
-5.8748E+03
-5.8748E+03
-5.8748E+03
-5.8748E+03
-5.8748E+03
-5.8748E+03
-5.8748E+03
-5.8748E+03
-5.8748E+03
-5.8748E+03
-5.8748E+03
-5.8748E+03
-5.8748E+03
-5.8748E+03
-5.8748E+03
-5.8748E+03
-5.8748E+03
-5.8748E+03
-5.8748E+03
-5.8748E+03
-5.8748E+03
-5.8748E+03
-5.8748E+03
-5.8748E+03
-5.8748E+03
-5.8748E+03
-5.8748E+03
-5.8748E+03
-5.8748E+03
-5.8748E+03
-5.8748E+03
-5.8748E+03
-5.8748E+03
-5.8748E+03
-5.8748E+03
-5.8748E+03
-5.8748E+03
-5.8747E+03
-5.8747E+03
-5.8747E+03
-5.8747E+03
-5.8747E+03
-5.8747E+03
-5.8747E+03
-5.8747E+03
-5.8747E+03
-5.8747E+03
-5.8747E+03
-5.8747E+03
-5.8747E+03
-5.8747E+03
-5.8747E+03
-5.8747E+03
-5.8747E+03
-5.8747E+03
-5.8747E+03
-5.8747E+03
-5.8747E+03
-5.8747E+03
-5.8747E+03
-5.8747E+03
-5.8747E+03
-5.8747E+03
-5.8747E+03
-5.8747E+03
-5.8747E+03
-5.8747E+03
-5.8747E+03
-5.8747E+03
-5.8747E+03
-5.8747E+03
-5.8747E+03
-5.8747E+03
-5.8747E+03
-5.8747E+03
-5.8747E+03
-5.8746E+03
-5.8746E+03
-5.8746E+03
-5.8746E+03
-5.8746E+03
-5.8746E+03
-5.8746E+03
-5.8746E+03
-5.8746E+03
-5.8746E+03
-5.8746E+03
-5.8746E+03
-5.8746E+03
-5.8746E+03
-5.8746E+03
-5.8746E+03
-5.8746E+03
-5.8746E+03
-5.8746E+03
-5.8746E+03
-5.8746E+03
-5.8746E+03
-5.8746E+03
-5.8746E+03
-5.8746E+03
-5.8746E+03
-5.8746E+03
-5.8746E+03
-5.8746E+03
-5.8746E+03
-5.8746E+03
-5.8745E+03
-5.8745E+03
-5.8745E+03
-5.8745E+03
-5.8745E+03
-5.8745E+03
-5.8745E+03
-5.8745E+03
-5.8745E+03
-5.8745E+03
-5.8745E+03
-5.8745E+03
-5.8745E+03
-5.8745E+03
-5.8745E+03
-5.8745E+03
-5.8745E+03
-5.8745E+03
-5.8745E+03
-5.8745E+03
-5.8745E+03
-5.8745E+03
-5.8745E+03
-5.8745E+03
-5.8745E+03
-5.8745E+03
-5.8745E+03
-5.8745E+03
-5.8745E+03
-5.8745E+03
-5.8745E+03
-5.8745E+03
-5.8745E+03
-5.8745E+03
-5.8745E+03
-5.8745E+03
-5.8745E+03
-5.8745E+03
-5.8745E+03
-5.8745E+03
-5.8745E+03
-5.8745E+03
-5.8745E+03
-5.8745E+03
-5.8745E+03
-5.8745E+03
-5.8744E+03
-5.8744E+03
-5.8744E+03
-5.8744E+03
-5.8744E+03
-5.8744E+03
-5.8744E+03
-5.8744E+03
-5.8744E+03
-5.8744E+03
-5.8744E+03
-5.8744E+03
-5.8744E+03
-5.8744E+03
-5.8744E+03
-5.8744E+03
-5.8744E+03
-5.8744E+03
-5.8744E+03
-5.8744E+03
-5.8744E+03
-5.8744E+03
-5.8744E+03
-5.8744E+03
-5.8744E+03
-5.8744E+03
-5.8744E+03
-5.8744E+03
-5.8744E+03
-5.8744E+03
-5.8744E+03
-5.8744E+03
-5.8744E+03
-5.8744E+03
-5.8744E+03
-5.8744E+03
-5.8744E+03
-5.8744E+03
-5.8744E+03
-5.8744E+03
-5.8744E+03
-5.8744E+03
-5.8744E+03
-5.8744E+03
-5.8744E+03
-5.8744E+03
-5.8744E+03
-5.8744E+03
-5.8744E+03
-5.8744E+03
-5.8744E+03
-5.8744E+03
-5.8744E+03
-5.8744E+03
-5.8744E+03
-5.8744E+03
-5.8743E+03
-5.8743E+03
-5.8743E+03
-5.8743E+03
-5.8743E+03
-5.8743E+03
-5.8743E+03
-5.8743E+03
-5.8743E+03
-5.8743E+03
-5.8743E+03
-5.8743E+03
-5.8743E+03
-5.8743E+03
-5.8743E+03
-5.8743E+03
-5.8743E+03
-5.8743E+03
-5.8743E+03
-5.8743E+03
-5.8743E+03
-5.8743E+03
-5.8743E+03
-5.8743E+03
-5.8743E+03
-5.8743E+03
-5.8743E+03
-5.8743E+03
-5.8743E+03
-5.8743E+03
-5.8743E+03
-5.8743E+03
-5.8743E+03
-5.8743E+03
-5.8742E+03
-5.8742E+03
-5.8742E+03
-5.8742E+03
-5.8742E+03
-5.8742E+03
-5.8742E+03
-5.8742E+03
-5.8742E+03
-5.8742E+03
-5.8742E+03
-5.8742E+03
-5.8742E+03
-5.8742E+03
-5.8742E+03
-5.8742E+03
-5.8742E+03
-5.8742E+03
-5.8742E+03
-5.8742E+03
-5.8742E+03
-5.8742E+03
-5.8742E+03
-5.8742E+03
-5.8742E+03
-5.8742E+03
-5.8742E+03
-5.8742E+03
-5.8742E+03
-5.8742E+03
-5.8742E+03
-5.8742E+03
-5.8742E+03
-5.8742E+03
-5.8742E+03
-5.8742E+03
-5.8742E+03
-5.8742E+03
-5.8742E+03
-5.8742E+03
-5.8741E+03
-5.8741E+03
-5.8741E+03
-5.8741E+03
-5.8741E+03
-5.8741E+03
-5.8741E+03
-5.8741E+03
-5.8741E+03
-5.8741E+03
-5.8741E+03
-5.8741E+03
-5.8741E+03
-5.8741E+03
-5.8741E+03
-5.8741E+03
-5.8741E+03
-5.8741E+03
-5.8741E+03
-5.8741E+03
-5.8741E+03
-5.8741E+03
-5.8741E+03
-5.8741E+03
-5.8741E+03
-5.8741E+03
-5.8741E+03
-5.8741E+03
-5.8741E+03
-5.8741E+03
-5.8741E+03
-5.8741E+03
-5.8741E+03
-5.8741E+03
-5.8741E+03
-5.8741E+03
-5.8741E+03
-5.8741E+03
-5.8741E+03
-5.8741E+03
-5.8741E+03
-5.8741E+03
-5.8741E+03
-5.8741E+03
-5.8741E+03
-5.8741E+03
-5.8741E+03
-5.8741E+03
-5.8741E+03
-5.8741E+03
-5.8741E+03
-5.8740E+03
-5.8740E+03
-5.8740E+03
-5.8740E+03
-5.8740E+03
-5.8740E+03
-5.8740E+03
-5.8740E+03
-5.8740E+03
-5.8740E+03
-5.8740E+03
-5.8740E+03
-5.8740E+03
-5.8740E+03
-5.8740E+03
-5.8740E+03
-5.8740E+03
-5.8740E+03
-5.8740E+03
-5.8740E+03
-5.8740E+03
-5.8740E+03
-5.8740E+03
-5.8740E+03
-5.8740E+03
-5.8740E+03
-5.8740E+03
-5.8740E+03
-5.8740E+03
-5.8740E+03
-5.8740E+03
-5.8740E+03
-5.8740E+03
-5.8740E+03
-5.8740E+03
-5.8740E+03
-5.8739E+03
-5.8739E+03
-5.8739E+03
-5.8739E+03
-5.8739E+03
-5.8739E+03
-5.8739E+03
-5.8739E+03
-5.8739E+03
-5.8739E+03
-5.8739E+03
-5.8739E+03
-5.8739E+03
-5.8739E+03
-5.8739E+03
-5.8739E+03
-5.8739E+03
-5.8739E+03
-5.8739E+03
-5.8739E+03
-5.8739E+03
-5.8739E+03
-5.8739E+03
-5.8739E+03
-5.8739E+03
-5.8739E+03
-5.8739E+03
-5.8739E+03
-5.8739E+03
-5.8739E+03
-5.8739E+03
-5.8739E+03
-5.8739E+03
-5.8739E+03
-5.8739E+03
-5.8739E+03
-5.8739E+03
-5.8739E+03
-5.8739E+03
-5.8739E+03
-5.8739E+03
-5.8739E+03
-5.8739E+03
-5.8739E+03
-5.8739E+03
-5.8739E+03
-5.8739E+03
-5.8739E+03
-5.8739E+03
-5.8739E+03
-5.8738E+03
-5.8738E+03
-5.8738E+03
-5.8738E+03
-5.8738E+03
-5.8738E+03
-5.8738E+03
-5.8738E+03
-5.8738E+03
-5.8738E+03
-5.8738E+03
-5.8738E+03
-5.8738E+03
-5.8738E+03
-5.8738E+03
-5.8738E+03
-5.8738E+03
-5.8738E+03
-5.8738E+03
-5.8738E+03
-5.8738E+03
-5.8738E+03
-5.8738E+03
-5.8738E+03
-5.8738E+03
-5.8738E+03
-5.8738E+03
-5.8738E+03
-5.8738E+03
-5.8738E+03
-5.8738E+03
-5.8738E+03
-5.8738E+03
-5.8738E+03
-5.8738E+03
-5.8738E+03
-5.8738E+03
-5.8738E+03
-5.8738E+03
-5.8738E+03
-5.8737E+03
-5.8737E+03
-5.8737E+03
-5.8737E+03
-5.8737E+03
-5.8737E+03
-5.8737E+03
-5.8737E+03
-5.8737E+03
-5.8737E+03
-5.8737E+03
-5.8737E+03
-5.8737E+03
-5.8737E+03
-5.8737E+03
-5.8737E+03
-5.8737E+03
-5.8737E+03
-5.8737E+03
-5.8737E+03
-5.8737E+03
-5.8737E+03
-5.8737E+03
-5.8737E+03
-5.8737E+03
-5.8737E+03
-5.8737E+03
-5.8737E+03
-5.8737E+03
-5.8737E+03
-5.8737E+03
-5.8737E+03
-5.8737E+03
-5.8737E+03
-5.8737E+03
-5.8737E+03
-5.8737E+03
-5.8737E+03
-5.8737E+03
-5.8737E+03
-5.8737E+03
-5.8737E+03
-5.8737E+03
-5.8737E+03
-5.8737E+03
-5.8737E+03
-5.8737E+03
-5.8737E+03
-5.8737E+03
-5.8737E+03
-5.8736E+03
-5.8736E+03
-5.8736E+03
-5.8736E+03
-5.8736E+03
-5.8736E+03
-5.8736E+03
-5.8736E+03
-5.8736E+03
-5.8736E+03
-5.8736E+03
-5.8736E+03
-5.8736E+03
-5.8736E+03
-5.8736E+03
-5.8736E+03
-5.8736E+03
-5.8736E+03
-5.8736E+03
-5.8736E+03
-5.8736E+03
-5.8736E+03
-5.8736E+03
-5.8736E+03
-5.8736E+03
-5.8736E+03
-5.8736E+03
-5.8736E+03
-5.8736E+03
-5.8736E+03
-5.8736E+03
-5.8736E+03
-5.8736E+03
-5.8736E+03
-5.8736E+03
-5.8736E+03
-5.8736E+03
-5.8736E+03
-5.8736E+03
-5.8736E+03
-5.8736E+03
-5.8736E+03
-5.8736E+03
-5.8736E+03
-5.8736E+03
-5.8736E+03
-5.8736E+03
-5.8736E+03
-5.8736E+03
-5.8736E+03
-5.8736E+03
-5.8736E+03
-5.8736E+03
-5.8736E+03
-5.8736E+03
-5.8735E+03
-5.8735E+03
-5.8735E+03
-5.8735E+03
-5.8735E+03
-5.8735E+03
-5.8735E+03
-5.8735E+03
-5.8735E+03
-5.8735E+03
-5.8735E+03
-5.8735E+03
-5.8735E+03
-5.8735E+03
-5.8735E+03
-5.8735E+03
-5.8735E+03
-5.8735E+03
-5.8735E+03
-5.8735E+03
-5.8735E+03
-5.8735E+03
-5.8735E+03
-5.8735E+03
-5.8735E+03
-5.8735E+03
-5.8735E+03
-5.8735E+03
-5.8735E+03
-5.8735E+03
-5.8735E+03
-5.8735E+03
-5.8735E+03
-5.8735E+03
-5.8735E+03
-5.8735E+03
-5.8735E+03
-5.8735E+03
-5.8735E+03
-5.8735E+03
-5.8735E+03
-5.8735E+03
-5.8735E+03
-5.8735E+03
-5.8735E+03
-5.8735E+03
-5.8735E+03
-5.8735E+03
-5.8735E+03
-5.8735E+03
-5.8735E+03
-5.8734E+03
-5.8734E+03
-5.8734E+03
-5.8734E+03
-5.8734E+03
-5.8734E+03
-5.8734E+03
-5.8734E+03
-5.8734E+03
-5.8734E+03
-5.8734E+03
-5.8734E+03
-5.8734E+03
-5.8734E+03
-5.8734E+03
-5.8734E+03
-5.8734E+03
-5.8734E+03
-5.8734E+03
-5.8734E+03
-5.8734E+03
-5.8734E+03
-5.8734E+03
-5.8734E+03
-5.8734E+03
-5.8734E+03
-5.8734E+03
-5.8734E+03
-5.8734E+03
-5.8734E+03
-5.8734E+03
-5.8734E+03
-5.8734E+03
-5.8734E+03
-5.8734E+03
-5.8734E+03
-5.8734E+03
-5.8734E+03
-5.8734E+03
-5.8734E+03
-5.8734E+03
-5.8734E+03
-5.8734E+03
-5.8734E+03
-5.8734E+03
-5.8734E+03
-5.8734E+03
-5.8734E+03
-5.8734E+03
-5.8734E+03
-5.8734E+03
-5.8734E+03
-5.8734E+03
-5.8734E+03
-5.8734E+03
-5.8734E+03
-5.8734E+03
-5.8734E+03
-5.8734E+03
-5.8733E+03
-5.8733E+03
-5.8733E+03
-5.8733E+03
-5.8733E+03
-5.8733E+03
-5.8733E+03
-5.8733E+03
-5.8733E+03
-5.8733E+03
-5.8733E+03
-5.8733E+03
-5.8733E+03
-5.8733E+03
-5.8733E+03
-5.8733E+03
-5.8733E+03
-5.8733E+03
-5.8733E+03
-5.8733E+03
-5.8733E+03
-5.8733E+03
-5.8733E+03
-5.8733E+03
-5.8733E+03
-5.8733E+03
-5.8733E+03
-5.8733E+03
-5.8733E+03
-5.8733E+03
-5.8733E+03
-5.8733E+03
-5.8733E+03
-5.8733E+03
-5.8733E+03
-5.8733E+03
-5.8733E+03
-5.8733E+03
-5.8733E+03
-5.8733E+03
-5.8733E+03
-5.8733E+03
-5.8733E+03
-5.8733E+03
-5.8733E+03
-5.8733E+03
-5.8733E+03
-5.8733E+03
-5.8733E+03
-5.8733E+03
-5.8733E+03
-5.8733E+03
-5.8733E+03
-5.8733E+03
-5.8733E+03
-5.8732E+03
-5.8732E+03
-5.8732E+03
-5.8732E+03
-5.8732E+03
-5.8732E+03
-5.8732E+03
-5.8732E+03
-5.8732E+03
-5.8732E+03
-5.8732E+03
-5.8732E+03
-5.8732E+03
-5.8732E+03
-5.8732E+03
-5.8732E+03
-5.8732E+03
-5.8732E+03
-5.8732E+03
-5.8732E+03
-5.8732E+03
-5.8732E+03
-5.8732E+03
-5.8732E+03
-5.8732E+03
-5.8732E+03
-5.8732E+03
-5.8732E+03
-5.8732E+03
-5.8732E+03
-5.8732E+03
-5.8732E+03
-5.8732E+03
-5.8732E+03
-5.8732E+03
-5.8732E+03
-5.8732E+03
-5.8732E+03
-5.8732E+03
-5.8732E+03
-5.8732E+03
-5.8732E+03
-5.8732E+03
-5.8732E+03
-5.8732E+03
-5.8732E+03
-5.8732E+03
-5.8732E+03
-5.8732E+03
-5.8732E+03
-5.8732E+03
-5.8732E+03
-5.8732E+03
-5.8731E+03
-5.8731E+03
-5.8731E+03
-5.8731E+03
-5.8731E+03
-5.8731E+03
-5.8731E+03
-5.8731E+03
-5.8731E+03
-5.8731E+03
-5.8731E+03
-5.8731E+03
-5.8731E+03
-5.8731E+03
-5.8731E+03
-5.8731E+03
-5.8731E+03
-5.8731E+03
-5.8731E+03
-5.8731E+03
-5.8731E+03
-5.8731E+03
-5.8731E+03
-5.8731E+03
-5.8731E+03
-5.8731E+03
-5.8731E+03
-5.8731E+03
-5.8731E+03
-5.8731E+03
-5.8731E+03
-5.8731E+03
-5.8731E+03
-5.8731E+03
-5.8731E+03
-5.8731E+03
-5.8731E+03
-5.8731E+03
-5.8731E+03
-5.8731E+03
-5.8731E+03
-5.8731E+03
-5.8731E+03
-5.8731E+03
-5.8731E+03
-5.8731E+03
-5.8731E+03
-5.8731E+03
-5.8731E+03
-5.8731E+03
-5.8731E+03
-5.8730E+03
-5.8730E+03
-5.8730E+03
-5.8730E+03
-5.8730E+03
-5.8730E+03
-5.8730E+03
-5.8730E+03
-5.8730E+03
-5.8730E+03
-5.8730E+03
-5.8730E+03
-5.8730E+03
-5.8730E+03
-5.8730E+03
-5.8730E+03
-5.8730E+03
-5.8730E+03
-5.8730E+03
-5.8730E+03
-5.8730E+03
-5.8730E+03
-5.8730E+03
-5.8730E+03
-5.8730E+03
-5.8730E+03
-5.8730E+03
-5.8730E+03
-5.8730E+03
-5.8730E+03
-5.8730E+03
-5.8730E+03
-5.8730E+03
-5.8730E+03
-5.8730E+03
-5.8730E+03
-5.8730E+03
-5.8730E+03
-5.8730E+03
-5.8730E+03
-5.8730E+03
-5.8730E+03
-5.8730E+03
-5.8730E+03
-5.8730E+03
-5.8730E+03
-5.8730E+03
-5.8730E+03
-5.8730E+03
-5.8730E+03
-5.8729E+03
-5.8729E+03
-5.8729E+03
-5.8729E+03
-5.8729E+03
-5.8729E+03
-5.8729E+03
-5.8729E+03
-5.8729E+03
-5.8729E+03
-5.8729E+03
-5.8729E+03
-5.8729E+03
-5.8729E+03
-5.8729E+03
-5.8729E+03
-5.8729E+03
-5.8729E+03
-5.8729E+03
-5.8729E+03
-5.8729E+03
-5.8729E+03
-5.8729E+03
-5.8729E+03
-5.8729E+03
-5.8729E+03
-5.8729E+03
-5.8729E+03
-5.8729E+03
-5.8729E+03
-5.8729E+03
-5.8729E+03
-5.8729E+03
-5.8729E+03
-5.8729E+03
-5.8729E+03
-5.8729E+03
-5.8729E+03
-5.8729E+03
-5.8729E+03
-5.8728E+03
-5.8728E+03
-5.8728E+03
-5.8728E+03
-5.8728E+03
-5.8728E+03
-5.8728E+03
-5.8728E+03
-5.8728E+03
-5.8728E+03
-5.8728E+03
-5.8728E+03
-5.8728E+03
-5.8728E+03
-5.8728E+03
-5.8728E+03
-5.8728E+03
-5.8728E+03
-5.8728E+03
-5.8728E+03
-5.8728E+03
-5.8728E+03
-5.8728E+03
-5.8728E+03
-5.8728E+03
-5.8728E+03
-5.8728E+03
-5.8728E+03
-5.8728E+03
-5.8728E+03
-5.8728E+03
-5.8728E+03
-5.8728E+03
-5.8728E+03
-5.8728E+03
-5.8728E+03
-5.8728E+03
-5.8728E+03
-5.8728E+03
-5.8728E+03
-5.8728E+03
-5.8728E+03
-5.8728E+03
-5.8728E+03
-5.8728E+03
-5.8728E+03
-5.8728E+03
-5.8728E+03
-5.8728E+03
-5.8728E+03
-5.8728E+03
-5.8728E+03
-5.8728E+03
-5.8728E+03
-5.8728E+03
-5.8728E+03
-5.8728E+03
-5.8728E+03
-5.8728E+03
-5.8727E+03
-5.8727E+03
-5.8727E+03
-5.8727E+03
-5.8727E+03
-5.8727E+03
-5.8727E+03
-5.8727E+03
-5.8727E+03
-5.8727E+03
-5.8727E+03
-5.8727E+03
-5.8727E+03
-5.8727E+03
-5.8727E+03
-5.8727E+03
-5.8727E+03
-5.8727E+03
-5.8727E+03
-5.8727E+03
-5.8727E+03
-5.8727E+03
-5.8727E+03
-5.8727E+03
-5.8727E+03
-5.8727E+03
-5.8727E+03
-5.8727E+03
-5.8727E+03
-5.8727E+03
-5.8727E+03
-5.8727E+03
-5.8727E+03
-5.8727E+03
-5.8726E+03
-5.8726E+03
-5.8726E+03
-5.8726E+03
-5.8726E+03
-5.8726E+03
-5.8726E+03
-5.8726E+03
-5.8726E+03
-5.8726E+03
-5.8726E+03
-5.8726E+03
-5.8726E+03
-5.8726E+03
-5.8726E+03
-5.8726E+03
-5.8726E+03
-5.8726E+03
-5.8726E+03
-5.8726E+03
-5.8726E+03
-5.8726E+03
-5.8726E+03
-5.8726E+03
-5.8726E+03
-5.8726E+03
-5.8726E+03
-5.8726E+03
-5.8726E+03
-5.8726E+03
-5.8726E+03
-5.8726E+03
-5.8726E+03
-5.8726E+03
-5.8726E+03
-5.8726E+03
-5.8726E+03
-5.8726E+03
-5.8726E+03
-5.8726E+03
-5.8726E+03
-5.8725E+03
-5.8725E+03
-5.8725E+03
-5.8725E+03
-5.8725E+03
-5.8725E+03
-5.8725E+03
-5.8725E+03
-5.8725E+03
-5.8725E+03
-5.8725E+03
-5.8725E+03
-5.8725E+03
-5.8725E+03
-5.8725E+03
-5.8725E+03
-5.8725E+03
-5.8725E+03
-5.8725E+03
-5.8725E+03
-5.8725E+03
-5.8725E+03
-5.8725E+03
-5.8725E+03
-5.8725E+03
-5.8725E+03
-5.8725E+03
-5.8725E+03
-5.8725E+03
-5.8725E+03
-5.8725E+03
-5.8725E+03
-5.8725E+03
-5.8725E+03
-5.8725E+03
-5.8725E+03
-5.8725E+03
-5.8725E+03
-5.8725E+03
-5.8725E+03
-5.8725E+03
-5.8725E+03
-5.8725E+03
-5.8724E+03
-5.8724E+03
-5.8724E+03
-5.8724E+03
-5.8724E+03
-5.8724E+03
-5.8724E+03
-5.8724E+03
-5.8724E+03
-5.8724E+03
-5.8724E+03
-5.8724E+03
-5.8724E+03
-5.8724E+03
-5.8724E+03
-5.8724E+03
-5.8724E+03
-5.8724E+03
-5.8724E+03
-5.8724E+03
-5.8724E+03
-5.8724E+03
-5.8724E+03
-5.8724E+03
-5.8724E+03
-5.8724E+03
-5.8724E+03
-5.8724E+03
-5.8724E+03
-5.8724E+03
-5.8724E+03
-5.8723E+03
-5.8723E+03
-5.8723E+03
-5.8723E+03
-5.8723E+03
-5.8723E+03
-5.8723E+03
-5.8723E+03
-5.8723E+03
-5.8723E+03
-5.8723E+03
-5.8723E+03
-5.8723E+03
-5.8723E+03
-5.8723E+03
-5.8723E+03
-5.8723E+03
-5.8723E+03
-5.8723E+03
-5.8723E+03
-5.8723E+03
-5.8723E+03
-5.8723E+03
-5.8723E+03
-5.8723E+03
-5.8723E+03
-5.8723E+03
-5.8723E+03
-5.8723E+03
-5.8723E+03
-5.8723E+03
-5.8723E+03
-5.8723E+03
-5.8723E+03
-5.8723E+03
-5.8723E+03
-5.8723E+03
-5.8723E+03
-5.8723E+03
-5.8723E+03
-5.8723E+03
-5.8723E+03
-5.8723E+03
-5.8723E+03
-5.8722E+03
-5.8722E+03
-5.8722E+03
-5.8722E+03
-5.8722E+03
-5.8722E+03
-5.8722E+03
-5.8722E+03
-5.8722E+03
-5.8722E+03
-5.8722E+03
-5.8722E+03
-5.8722E+03
-5.8722E+03
-5.8722E+03
-5.8722E+03
-5.8722E+03
-5.8722E+03
-5.8722E+03
-5.8722E+03
-5.8722E+03
-5.8722E+03
-5.8722E+03
-5.8722E+03
-5.8722E+03
-5.8722E+03
-5.8722E+03
-5.8722E+03
-5.8722E+03
-5.8722E+03
-5.8722E+03
-5.8722E+03
-5.8722E+03
-5.8722E+03
-5.8722E+03
-5.8722E+03
-5.8722E+03
-5.8722E+03
-5.8722E+03
-5.8722E+03
-5.8722E+03
-5.8722E+03
-5.8722E+03
-5.8721E+03
-5.8721E+03
-5.8721E+03
-5.8721E+03
-5.8721E+03
-5.8721E+03
-5.8721E+03
-5.8721E+03
-5.8721E+03
-5.8721E+03
-5.8721E+03
-5.8721E+03
-5.8721E+03
-5.8721E+03
-5.8721E+03
-5.8721E+03
-5.8721E+03
-5.8721E+03
-5.8721E+03
-5.8721E+03
-5.8721E+03
-5.8721E+03
-5.8721E+03
-5.8721E+03
-5.8721E+03
-5.8721E+03
-5.8721E+03
-5.8721E+03
-5.8721E+03
-5.8721E+03
-5.8721E+03
-5.8721E+03
-5.8721E+03
-5.8721E+03
-5.8721E+03
-5.8721E+03
-5.8721E+03
-5.8721E+03
-5.8721E+03
-5.8721E+03
-5.8721E+03
-5.8720E+03
-5.8720E+03
-5.8720E+03
-5.8720E+03
-5.8720E+03
-5.8720E+03
-5.8720E+03
-5.8720E+03
-5.8720E+03
-5.8720E+03
-5.8720E+03
-5.8720E+03
-5.8720E+03
-5.8720E+03
-5.8720E+03
-5.8720E+03
-5.8720E+03
-5.8720E+03
-5.8720E+03
-5.8720E+03
-5.8720E+03
-5.8720E+03
-5.8720E+03
-5.8720E+03
-5.8720E+03
-5.8720E+03
-5.8720E+03
-5.8720E+03
-5.8720E+03
-5.8720E+03
-5.8720E+03
-5.8720E+03
-5.8720E+03
-5.8720E+03
-5.8720E+03
-5.8719E+03
-5.8719E+03
-5.8719E+03
-5.8719E+03
-5.8719E+03
-5.8719E+03
-5.8719E+03
-5.8719E+03
-5.8719E+03
-5.8719E+03
-5.8719E+03
-5.8719E+03
-5.8719E+03
-5.8719E+03
-5.8719E+03
-5.8719E+03
-5.8719E+03
-5.8719E+03
-5.8719E+03
-5.8719E+03
-5.8719E+03
-5.8719E+03
-5.8719E+03
-5.8719E+03
-5.8719E+03
-5.8719E+03
-5.8719E+03
-5.8719E+03
-5.8719E+03
-5.8719E+03
-5.8719E+03
-5.8719E+03
-5.8719E+03
-5.8719E+03
-5.8719E+03
-5.8719E+03
-5.8718E+03
-5.8718E+03
-5.8718E+03
-5.8718E+03
-5.8718E+03
-5.8718E+03
-5.8718E+03
-5.8718E+03
-5.8718E+03
-5.8718E+03
-5.8718E+03
-5.8718E+03
-5.8718E+03
-5.8718E+03
-5.8718E+03
-5.8718E+03
-5.8718E+03
-5.8718E+03
-5.8718E+03
-5.8718E+03
-5.8718E+03
-5.8718E+03
-5.8718E+03
-5.8718E+03
-5.8718E+03
-5.8718E+03
-5.8718E+03
-5.8718E+03
-5.8718E+03
-5.8718E+03
-5.8718E+03
-5.8718E+03
-5.8718E+03
-5.8717E+03
-5.8717E+03
-5.8717E+03
-5.8717E+03
-5.8717E+03
-5.8717E+03
-5.8717E+03
-5.8717E+03
-5.8717E+03
-5.8717E+03
-5.8717E+03
-5.8717E+03
-5.8717E+03
-5.8717E+03
-5.8717E+03
-5.8717E+03
-5.8717E+03
-5.8717E+03
-5.8717E+03
-5.8717E+03
-5.8717E+03
-5.8717E+03
-5.8717E+03
-5.8717E+03
-5.8717E+03
-5.8717E+03
-5.8717E+03
-5.8717E+03
-5.8716E+03
-5.8716E+03
-5.8716E+03
-5.8716E+03
-5.8716E+03
-5.8716E+03
-5.8716E+03
-5.8716E+03
-5.8716E+03
-5.8716E+03
-5.8716E+03
-5.8716E+03
-5.8716E+03
-5.8716E+03
-5.8716E+03
-5.8716E+03
-5.8716E+03
-5.8716E+03
-5.8716E+03
-5.8716E+03
-5.8716E+03
-5.8716E+03
-5.8716E+03
-5.8716E+03
-5.8716E+03
-5.8716E+03
-5.8716E+03
-5.8716E+03
-5.8716E+03
-5.8715E+03
-5.8715E+03
-5.8715E+03
-5.8715E+03
-5.8715E+03
-5.8715E+03
-5.8715E+03
-5.8715E+03
-5.8715E+03
-5.8715E+03
-5.8715E+03
-5.8715E+03
-5.8715E+03
-5.8715E+03
-5.8715E+03
-5.8715E+03
-5.8715E+03
-5.8715E+03
-5.8714E+03
-5.8714E+03
-5.8714E+03
-5.8714E+03
-5.8714E+03
-5.8714E+03
-5.8714E+03
-5.8714E+03
-5.8714E+03
-5.8714E+03
-5.8714E+03
-5.8714E+03
-5.8714E+03
-5.8714E+03
-5.8714E+03
-5.8714E+03
-5.8714E+03
-5.8714E+03
-5.8714E+03
-5.8714E+03
-5.8714E+03
-5.8714E+03
-5.8714E+03
-5.8714E+03
-5.8714E+03
-5.8714E+03
-5.8714E+03
-5.8714E+03
-5.8714E+03
-5.8714E+03
-5.8714E+03
-5.8713E+03
-5.8713E+03
-5.8713E+03
-5.8713E+03
-5.8713E+03
-5.8713E+03
-5.8713E+03
-5.8713E+03
-5.8713E+03
-5.8713E+03
-5.8713E+03
-5.8713E+03
-5.8713E+03
-5.8713E+03
-5.8713E+03
-5.8713E+03
-5.8712E+03
-5.8712E+03
-5.8712E+03
-5.8712E+03
-5.8712E+03
-5.8712E+03
-5.8712E+03
-5.8712E+03
-5.8712E+03
-5.8712E+03
-5.8712E+03
-5.8712E+03
-5.8712E+03
-5.8712E+03
-5.8712E+03
-5.8712E+03
-5.8712E+03
-5.8712E+03
-5.8712E+03
-5.8712E+03
-5.8712E+03
-5.8712E+03
-5.8712E+03
-5.8712E+03
-5.8712E+03
-5.8712E+03
-5.8712E+03
-5.8712E+03
-5.8712E+03
-5.8711E+03
-5.8711E+03
-5.8711E+03
-5.8711E+03
-5.8711E+03
-5.8711E+03
-5.8711E+03
-5.8711E+03
-5.8711E+03
-5.8711E+03
-5.8711E+03
-5.8711E+03
-5.8711E+03
-5.8711E+03
-5.8711E+03
-5.8711E+03
-5.8711E+03
-5.8711E+03
-5.8711E+03
-5.8711E+03
-5.8711E+03
-5.8711E+03
-5.8711E+03
-5.8711E+03
-5.8711E+03
-5.8711E+03
-5.8710E+03
-5.8710E+03
-5.8710E+03
-5.8710E+03
-5.8710E+03
-5.8710E+03
-5.8710E+03
-5.8710E+03
-5.8710E+03
-5.8710E+03
-5.8710E+03
-5.8710E+03
-5.8710E+03
-5.8710E+03
-5.8710E+03
-5.8710E+03
-5.8710E+03
-5.8710E+03
-5.8710E+03
-5.8710E+03
-5.8709E+03
-5.8709E+03
-5.8709E+03
-5.8709E+03
-5.8709E+03
-5.8709E+03
-5.8709E+03
-5.8709E+03
-5.8709E+03
-5.8709E+03
-5.8709E+03
-5.8709E+03
-5.8709E+03
-5.8709E+03
-5.8709E+03
-5.8709E+03
-5.8709E+03
-5.8709E+03
-5.8709E+03
-5.8709E+03
-5.8709E+03
-5.8709E+03
-5.8708E+03
-5.8708E+03
-5.8708E+03
-5.8708E+03
-5.8708E+03
-5.8708E+03
-5.8708E+03
-5.8708E+03
-5.8708E+03
-5.8708E+03
-5.8708E+03
-5.8708E+03
-5.8708E+03
-5.8708E+03
-5.8707E+03
-5.8707E+03
-5.8707E+03
-5.8707E+03
-5.8707E+03
-5.8707E+03
-5.8707E+03
-5.8707E+03
-5.8707E+03
-5.8707E+03
-5.8707E+03
-5.8707E+03
-5.8707E+03
-5.8707E+03
-5.8707E+03
-5.8707E+03
-5.8707E+03
-5.8707E+03
-5.8706E+03
-5.8706E+03
-5.8706E+03
-5.8706E+03
-5.8706E+03
-5.8706E+03
-5.8706E+03
-5.8706E+03
-5.8706E+03
-5.8706E+03
-5.8706E+03
-5.8706E+03
-5.8706E+03
-5.8705E+03
-5.8705E+03
-5.8705E+03
-5.8705E+03
-5.8705E+03
-5.8705E+03
-5.8705E+03
-5.8705E+03
-5.8705E+03
-5.8705E+03
-5.8705E+03
-5.8705E+03
-5.8705E+03
-5.8705E+03
-5.8705E+03
-5.8705E+03
-5.8705E+03
-5.8705E+03
-5.8705E+03
-5.8705E+03
-5.8705E+03
-5.8705E+03
-5.8705E+03
-5.8704E+03
-5.8704E+03
-5.8704E+03
-5.8704E+03
-5.8704E+03
-5.8704E+03
-5.8704E+03
-5.8704E+03
-5.8704E+03
-5.8704E+03
-5.8704E+03
-5.8704E+03
-5.8704E+03
-5.8704E+03
-5.8704E+03
-5.8703E+03
-5.8703E+03
-5.8703E+03
-5.8703E+03
-5.8703E+03
-5.8703E+03
-5.8703E+03
-5.8703E+03
-5.8703E+03
-5.8703E+03
-5.8703E+03
-5.8703E+03
-5.8702E+03
-5.8702E+03
-5.8702E+03
-5.8702E+03
-5.8702E+03
-5.8701E+03
-5.8701E+03
-5.8701E+03
-5.8701E+03
-5.8701E+03
-5.8701E+03
-5.8700E+03
-5.8700E+03
-5.8700E+03
-5.8700E+03
-5.8700E+03
-5.8700E+03
-5.8700E+03
-5.8700E+03
-5.8700E+03
-5.8699E+03
-5.8699E+03
-5.8699E+03
-5.8699E+03
-5.8699E+03
-5.8699E+03
-5.8699E+03
-5.8699E+03
-5.8699E+03
-5.8699E+03
-5.8698E+03
-5.8698E+03
-5.8698E+03
-5.8698E+03
-5.8698E+03
-5.8698E+03
-5.8698E+03
-5.8698E+03
-5.8698E+03
-5.8697E+03
-5.8697E+03
-5.8697E+03
-5.8697E+03
-5.8697E+03
-5.8697E+03
-5.8697E+03
-5.8697E+03
-5.8697E+03
-5.8696E+03
-5.8696E+03
-5.8696E+03
-5.8696E+03
-5.8696E+03
-5.8696E+03
-5.8696E+03
-5.8696E+03
-5.8696E+03
-5.8695E+03
-5.8695E+03
-5.8695E+03
-5.8695E+03
-5.8695E+03
-5.8695E+03
-5.8695E+03
-5.8695E+03
-5.8694E+03
-5.8694E+03
-5.8694E+03
-5.8694E+03
-5.8694E+03
-5.8694E+03
-5.8694E+03
-5.8694E+03
-5.8693E+03
-5.8693E+03
-5.8693E+03
-5.8693E+03
-5.8693E+03
-5.8693E+03
-5.8693E+03
-5.8693E+03
-5.8692E+03
-5.8692E+03
-5.8692E+03
-5.8691E+03
-5.8691E+03
-5.8691E+03
-5.8691E+03
-5.8691E+03
-5.8690E+03
-5.8690E+03
-5.8690E+03
-5.8690E+03
-5.8690E+03
-5.8689E+03
-5.8689E+03
-5.8689E+03
-5.8688E+03
-5.8688E+03
-5.8688E+03
-5.8688E+03
-5.8688E+03
-5.8687E+03
-5.8685E+03
-5.8684E+03
-5.8684E+03
-5.8684E+03
-5.8683E+03
-5.8683E+03
-5.8682E+03
-5.8682E+03
-5.8681E+03
-5.8681E+03
-5.8680E+03
-5.8680E+03
-5.8680E+03
-5.8680E+03
-5.8680E+03
-5.8679E+03
-5.8678E+03
-5.8677E+03
-5.8677E+03
-5.8675E+03
-5.8674E+03
-5.8674E+03
-5.8669E+03
-5.8665E+03
